"","var","n","wt","dev","yval","complexity","ncompete","nsurrogate","yval2.","yval2.","yval2.","yval2.","yval2.","yval2.","yval2.","yval2.nodeprob"
"1","Petal.Length",100,100,46,1,0.58695652,3,3, 1.00000000,54.00000000,27.00000000,19.00000000, 0.54000000, 0.27000000, 0.19000000, 1.00000000
"2","<leaf>", 54, 54, 0,1,0.00000000,0,0, 1.00000000,54.00000000, 0.00000000, 0.00000000, 1.00000000, 0.00000000, 0.00000000, 0.54000000
"3","Petal.Width", 46, 46,19,2,0.36956522,3,3, 2.00000000, 0.00000000,27.00000000,19.00000000, 0.00000000, 0.58695652, 0.41304348, 0.46000000
"6","Sepal.Width", 27, 27, 1,2,0.01086957,3,0, 2.00000000, 0.00000000,26.00000000, 1.00000000, 0.00000000, 0.96296296, 0.03703704, 0.27000000
"12","<leaf>", 24, 24, 0,2,0.00000000,0,0, 2.00000000, 0.00000000,24.00000000, 0.00000000, 0.00000000, 1.00000000, 0.00000000, 0.24000000
"13","Petal.Length",  3,  3, 1,2,0.01086957,2,0, 2.00000000, 0.00000000, 2.00000000, 1.00000000, 0.00000000, 0.66666667, 0.33333333, 0.03000000
"26","<leaf>",  2,  2, 0,2,0.00000000,0,0, 2.00000000, 0.00000000, 2.00000000, 0.00000000, 0.00000000, 1.00000000, 0.00000000, 0.02000000
"27","<leaf>",  1,  1, 0,3,0.00000000,0,0, 3.00000000, 0.00000000, 0.00000000, 1.00000000, 0.00000000, 0.00000000, 1.00000000, 0.01000000
"7","Petal.Length", 19, 19, 1,3,0.01086957,3,1, 3.00000000, 0.00000000, 1.00000000,18.00000000, 0.00000000, 0.05263158, 0.94736842, 0.19000000
"14","Sepal.Length",  3,  3, 1,3,0.01086957,1,0, 3.00000000, 0.00000000, 1.00000000, 2.00000000, 0.00000000, 0.33333333, 0.66666667, 0.03000000
"28","<leaf>",  1,  1, 0,2,0.00000000,0,0, 2.00000000, 0.00000000, 1.00000000, 0.00000000, 0.00000000, 1.00000000, 0.00000000, 0.01000000
"29","<leaf>",  2,  2, 0,3,0.00000000,0,0, 3.00000000, 0.00000000, 0.00000000, 2.00000000, 0.00000000, 0.00000000, 1.00000000, 0.02000000
"15","<leaf>", 16, 16, 0,3,0.00000000,0,0, 3.00000000, 0.00000000, 0.00000000,16.00000000, 0.00000000, 0.00000000, 1.00000000, 0.16000000
