"","var","n","wt","dev","yval","complexity","ncompete","nsurrogate","yval2.","yval2.","yval2.","yval2.","yval2.","yval2.","yval2.","yval2.nodeprob"
"1","Petal.Length",99,99,44,2,0.54545455,3,3, 2.00000000,24.00000000,55.00000000,20.00000000, 0.24242424, 0.55555556, 0.20202020, 1.00000000
"2","<leaf>",24,24, 0,1,0.00000000,0,0, 1.00000000,24.00000000, 0.00000000, 0.00000000, 1.00000000, 0.00000000, 0.00000000, 0.24242424
"3","Petal.Width",75,75,20,2,0.40909091,3,3, 2.00000000, 0.00000000,55.00000000,20.00000000, 0.00000000, 0.73333333, 0.26666667, 0.75757576
"6","Sepal.Width",55,55, 1,2,0.01136364,3,0, 2.00000000, 0.00000000,54.00000000, 1.00000000, 0.00000000, 0.98181818, 0.01818182, 0.55555556
"12","<leaf>",53,53, 0,2,0.00000000,0,0, 2.00000000, 0.00000000,53.00000000, 0.00000000, 0.00000000, 1.00000000, 0.00000000, 0.53535354
"13","Sepal.Length", 2, 2, 1,2,0.01136364,3,0, 2.00000000, 0.00000000, 1.00000000, 1.00000000, 0.00000000, 0.50000000, 0.50000000, 0.02020202
"26","<leaf>", 1, 1, 0,2,0.00000000,0,0, 2.00000000, 0.00000000, 1.00000000, 0.00000000, 0.00000000, 1.00000000, 0.00000000, 0.01010101
"27","<leaf>", 1, 1, 0,3,0.00000000,0,0, 3.00000000, 0.00000000, 0.00000000, 1.00000000, 0.00000000, 0.00000000, 1.00000000, 0.01010101
"7","Petal.Length",20,20, 1,3,0.01136364,3,0, 3.00000000, 0.00000000, 1.00000000,19.00000000, 0.00000000, 0.05000000, 0.95000000, 0.20202020
"14","Sepal.Length", 2, 2, 1,2,0.01136364,1,0, 2.00000000, 0.00000000, 1.00000000, 1.00000000, 0.00000000, 0.50000000, 0.50000000, 0.02020202
"28","<leaf>", 1, 1, 0,2,0.00000000,0,0, 2.00000000, 0.00000000, 1.00000000, 0.00000000, 0.00000000, 1.00000000, 0.00000000, 0.01010101
"29","<leaf>", 1, 1, 0,3,0.00000000,0,0, 3.00000000, 0.00000000, 0.00000000, 1.00000000, 0.00000000, 0.00000000, 1.00000000, 0.01010101
"15","<leaf>",18,18, 0,3,0.00000000,0,0, 3.00000000, 0.00000000, 0.00000000,18.00000000, 0.00000000, 0.00000000, 1.00000000, 0.18181818
