"","var","n","wt","dev","yval","complexity","ncompete","nsurrogate","yval2.","yval2.","yval2.","yval2.","yval2.","yval2.","yval2.","yval2.nodeprob"
"1","Petal.Length",99,99,51,3,0.490196078,3,3, 3.00000000,25.00000000,26.00000000,48.00000000, 0.25252525, 0.26262626, 0.48484848, 1.00000000
"2","Petal.Length",48,48,23,1,0.450980392,3,3, 1.00000000,25.00000000,23.00000000, 0.00000000, 0.52083333, 0.47916667, 0.00000000, 0.48484848
"4","<leaf>",25,25, 0,1,0.000000000,0,0, 1.00000000,25.00000000, 0.00000000, 0.00000000, 1.00000000, 0.00000000, 0.00000000, 0.25252525
"5","<leaf>",23,23, 0,2,0.000000000,0,0, 2.00000000, 0.00000000,23.00000000, 0.00000000, 0.00000000, 1.00000000, 0.00000000, 0.23232323
"3","Petal.Width",51,51, 3,3,0.019607843,3,0, 3.00000000, 0.00000000, 3.00000000,48.00000000, 0.00000000, 0.05882353, 0.94117647, 0.51515152
"6","Petal.Length", 4, 4, 2,2,0.019607843,3,0, 2.00000000, 0.00000000, 2.00000000, 2.00000000, 0.00000000, 0.50000000, 0.50000000, 0.04040404
"12","<leaf>", 2, 2, 0,2,0.000000000,0,0, 2.00000000, 0.00000000, 2.00000000, 0.00000000, 0.00000000, 1.00000000, 0.00000000, 0.02020202
"13","<leaf>", 2, 2, 0,3,0.000000000,0,0, 3.00000000, 0.00000000, 0.00000000, 2.00000000, 0.00000000, 0.00000000, 1.00000000, 0.02020202
"7","Petal.Length",47,47, 1,3,0.009803922,3,0, 3.00000000, 0.00000000, 1.00000000,46.00000000, 0.00000000, 0.02127660, 0.97872340, 0.47474747
"14","Sepal.Length", 2, 2, 1,2,0.009803922,1,0, 2.00000000, 0.00000000, 1.00000000, 1.00000000, 0.00000000, 0.50000000, 0.50000000, 0.02020202
"28","<leaf>", 1, 1, 0,2,0.000000000,0,0, 2.00000000, 0.00000000, 1.00000000, 0.00000000, 0.00000000, 1.00000000, 0.00000000, 0.01010101
"29","<leaf>", 1, 1, 0,3,0.000000000,0,0, 3.00000000, 0.00000000, 0.00000000, 1.00000000, 0.00000000, 0.00000000, 1.00000000, 0.01010101
"15","<leaf>",45,45, 0,3,0.000000000,0,0, 3.00000000, 0.00000000, 0.00000000,45.00000000, 0.00000000, 0.00000000, 1.00000000, 0.45454545
