"","var","n","wt","dev","yval","complexity","ncompete","nsurrogate","yval2.","yval2.","yval2.","yval2.","yval2.","yval2.","yval2.","yval2.nodeprob"
"1","Petal.Width",100,100,49,3,0.51020408,3,3, 3.00000000,25.00000000,24.00000000,51.00000000, 0.25000000, 0.24000000, 0.51000000, 1.00000000
"2","Petal.Length", 48, 48,23,1,0.46938776,3,3, 1.00000000,25.00000000,23.00000000, 0.00000000, 0.52083333, 0.47916667, 0.00000000, 0.48000000
"4","<leaf>", 25, 25, 0,1,0.00000000,0,0, 1.00000000,25.00000000, 0.00000000, 0.00000000, 1.00000000, 0.00000000, 0.00000000, 0.25000000
"5","<leaf>", 23, 23, 0,2,0.00000000,0,0, 2.00000000, 0.00000000,23.00000000, 0.00000000, 0.00000000, 1.00000000, 0.00000000, 0.23000000
"3","Petal.Length", 52, 52, 1,3,0.01020408,3,0, 3.00000000, 0.00000000, 1.00000000,51.00000000, 0.00000000, 0.01923077, 0.98076923, 0.52000000
"6","Sepal.Length",  2,  2, 1,2,0.01020408,1,0, 2.00000000, 0.00000000, 1.00000000, 1.00000000, 0.00000000, 0.50000000, 0.50000000, 0.02000000
"12","<leaf>",  1,  1, 0,2,0.00000000,0,0, 2.00000000, 0.00000000, 1.00000000, 0.00000000, 0.00000000, 1.00000000, 0.00000000, 0.01000000
"13","<leaf>",  1,  1, 0,3,0.00000000,0,0, 3.00000000, 0.00000000, 0.00000000, 1.00000000, 0.00000000, 0.00000000, 1.00000000, 0.01000000
"7","<leaf>", 50, 50, 0,3,0.00000000,0,0, 3.00000000, 0.00000000, 0.00000000,50.00000000, 0.00000000, 0.00000000, 1.00000000, 0.50000000
