"","var","n","wt","dev","yval","complexity","ncompete","nsurrogate","yval2.","yval2.","yval2.","yval2.","yval2.","yval2.","yval2.","yval2.nodeprob"
"1","Petal.Length",100,100,50,1,0.54,3,3, 1.00000000,50.00000000,23.00000000,27.00000000, 0.50000000, 0.23000000, 0.27000000, 1.00000000
"2","<leaf>", 50, 50, 0,1,0.00,0,0, 1.00000000,50.00000000, 0.00000000, 0.00000000, 1.00000000, 0.00000000, 0.00000000, 0.50000000
"3","Petal.Width", 50, 50,23,3,0.38,3,3, 3.00000000, 0.00000000,23.00000000,27.00000000, 0.00000000, 0.46000000, 0.54000000, 0.50000000
"6","Petal.Length", 27, 27, 4,2,0.04,3,0, 2.00000000, 0.00000000,23.00000000, 4.00000000, 0.00000000, 0.85185185, 0.14814815, 0.27000000
"12","Sepal.Length", 23, 23, 1,2,0.02,3,0, 2.00000000, 0.00000000,22.00000000, 1.00000000, 0.00000000, 0.95652174, 0.04347826, 0.23000000
"24","<leaf>", 22, 22, 0,2,0.00,0,0, 2.00000000, 0.00000000,22.00000000, 0.00000000, 0.00000000, 1.00000000, 0.00000000, 0.22000000
"25","<leaf>",  1,  1, 0,3,0.00,0,0, 3.00000000, 0.00000000, 0.00000000, 1.00000000, 0.00000000, 0.00000000, 1.00000000, 0.01000000
"13","Sepal.Length",  4,  4, 1,3,0.02,3,0, 3.00000000, 0.00000000, 1.00000000, 3.00000000, 0.00000000, 0.25000000, 0.75000000, 0.04000000
"26","<leaf>",  1,  1, 0,2,0.00,0,0, 2.00000000, 0.00000000, 1.00000000, 0.00000000, 0.00000000, 1.00000000, 0.00000000, 0.01000000
"27","<leaf>",  3,  3, 0,3,0.00,0,0, 3.00000000, 0.00000000, 0.00000000, 3.00000000, 0.00000000, 0.00000000, 1.00000000, 0.03000000
"7","<leaf>", 23, 23, 0,3,0.00,0,0, 3.00000000, 0.00000000, 0.00000000,23.00000000, 0.00000000, 0.00000000, 1.00000000, 0.23000000
