"","var","n","wt","dev","yval","complexity","ncompete","nsurrogate","yval2.","yval2.","yval2.","yval2.","yval2.","yval2.","yval2.","yval2.nodeprob"
"1","Petal.Length",100,100,50,3,0.54,3,3, 3.00000000,20.00000000,30.00000000,50.00000000, 0.20000000, 0.30000000, 0.50000000, 1.00000000
"2","Petal.Length", 53, 53,23,2,0.40,3,3, 2.00000000,20.00000000,30.00000000, 3.00000000, 0.37735849, 0.56603774, 0.05660377, 0.53000000
"4","<leaf>", 20, 20, 0,1,0.00,0,0, 1.00000000,20.00000000, 0.00000000, 0.00000000, 1.00000000, 0.00000000, 0.00000000, 0.20000000
"5","Petal.Width", 33, 33, 3,2,0.02,3,1, 2.00000000, 0.00000000,30.00000000, 3.00000000, 0.00000000, 0.90909091, 0.09090909, 0.33000000
"10","<leaf>", 28, 28, 0,2,0.00,0,0, 2.00000000, 0.00000000,28.00000000, 0.00000000, 0.00000000, 1.00000000, 0.00000000, 0.28000000
"11","Sepal.Width",  5,  5, 2,3,0.02,3,0, 3.00000000, 0.00000000, 2.00000000, 3.00000000, 0.00000000, 0.40000000, 0.60000000, 0.05000000
"22","Sepal.Length",  3,  3, 1,2,0.01,3,0, 2.00000000, 0.00000000, 2.00000000, 1.00000000, 0.00000000, 0.66666667, 0.33333333, 0.03000000
"44","<leaf>",  1,  1, 0,2,0.00,0,0, 2.00000000, 0.00000000, 1.00000000, 0.00000000, 0.00000000, 1.00000000, 0.00000000, 0.01000000
"45","Sepal.Length",  2,  2, 1,2,0.01,2,0, 2.00000000, 0.00000000, 1.00000000, 1.00000000, 0.00000000, 0.50000000, 0.50000000, 0.02000000
"90","<leaf>",  1,  1, 0,2,0.00,0,0, 2.00000000, 0.00000000, 1.00000000, 0.00000000, 0.00000000, 1.00000000, 0.00000000, 0.01000000
"91","<leaf>",  1,  1, 0,3,0.00,0,0, 3.00000000, 0.00000000, 0.00000000, 1.00000000, 0.00000000, 0.00000000, 1.00000000, 0.01000000
"23","<leaf>",  2,  2, 0,3,0.00,0,0, 3.00000000, 0.00000000, 0.00000000, 2.00000000, 0.00000000, 0.00000000, 1.00000000, 0.02000000
"3","<leaf>", 47, 47, 0,3,0.00,0,0, 3.00000000, 0.00000000, 0.00000000,47.00000000, 0.00000000, 0.00000000, 1.00000000, 0.47000000
