"","var","n","wt","dev","yval","complexity","ncompete","nsurrogate","yval2.","yval2.","yval2.","yval2.","yval2.","yval2.","yval2.","yval2.nodeprob"
"1","Petal.Length",100,100,48,1,0.50000000,3,3, 1.00,52.00,24.00,24.00, 0.52, 0.24, 0.24, 1.00
"2","<leaf>", 52, 52, 0,1,0.00000000,0,0, 1.00,52.00, 0.00, 0.00, 1.00, 0.00, 0.00, 0.52
"3","Petal.Width", 48, 48,24,2,0.47916667,3,3, 2.00, 0.00,24.00,24.00, 0.00, 0.50, 0.50, 0.48
"6","<leaf>", 23, 23, 0,2,0.00000000,0,0, 2.00, 0.00,23.00, 0.00, 0.00, 1.00, 0.00, 0.23
"7","Petal.Width", 25, 25, 1,3,0.01041667,3,0, 3.00, 0.00, 1.00,24.00, 0.00, 0.04, 0.96, 0.25
"14","Sepal.Length",  2,  2, 1,2,0.01041667,2,0, 2.00, 0.00, 1.00, 1.00, 0.00, 0.50, 0.50, 0.02
"28","<leaf>",  1,  1, 0,2,0.00000000,0,0, 2.00, 0.00, 1.00, 0.00, 0.00, 1.00, 0.00, 0.01
"29","<leaf>",  1,  1, 0,3,0.00000000,0,0, 3.00, 0.00, 0.00, 1.00, 0.00, 0.00, 1.00, 0.01
"15","<leaf>", 23, 23, 0,3,0.00000000,0,0, 3.00, 0.00, 0.00,23.00, 0.00, 0.00, 1.00, 0.23
