"","var","n","wt","dev","yval","complexity","ncompete","nsurrogate","yval2.","yval2.","yval2.","yval2.","yval2.","yval2.","yval2.","yval2.nodeprob"
"1","Petal.Length",100,100,50,2,0.46,3,3, 2.00000000,22.00000000,50.00000000,28.00000000, 0.22000000, 0.50000000, 0.28000000, 1.00000000
"2","<leaf>", 22, 22, 0,1,0.00,0,0, 1.00000000,22.00000000, 0.00000000, 0.00000000, 1.00000000, 0.00000000, 0.00000000, 0.22000000
"3","Petal.Length", 78, 78,28,2,0.46,3,3, 2.00000000, 0.00000000,50.00000000,28.00000000, 0.00000000, 0.64102564, 0.35897436, 0.78000000
"6","Petal.Width", 54, 54, 4,2,0.04,3,1, 2.00000000, 0.00000000,50.00000000, 4.00000000, 0.00000000, 0.92592593, 0.07407407, 0.54000000
"12","<leaf>", 48, 48, 0,2,0.00,0,0, 2.00000000, 0.00000000,48.00000000, 0.00000000, 0.00000000, 1.00000000, 0.00000000, 0.48000000
"13","Sepal.Length",  6,  6, 2,3,0.02,3,0, 3.00000000, 0.00000000, 2.00000000, 4.00000000, 0.00000000, 0.33333333, 0.66666667, 0.06000000
"26","<leaf>",  1,  1, 0,2,0.00,0,0, 2.00000000, 0.00000000, 1.00000000, 0.00000000, 0.00000000, 1.00000000, 0.00000000, 0.01000000
"27","Sepal.Width",  5,  5, 1,3,0.02,3,0, 3.00000000, 0.00000000, 1.00000000, 4.00000000, 0.00000000, 0.20000000, 0.80000000, 0.05000000
"54","<leaf>",  1,  1, 0,2,0.00,0,0, 2.00000000, 0.00000000, 1.00000000, 0.00000000, 0.00000000, 1.00000000, 0.00000000, 0.01000000
"55","<leaf>",  4,  4, 0,3,0.00,0,0, 3.00000000, 0.00000000, 0.00000000, 4.00000000, 0.00000000, 0.00000000, 1.00000000, 0.04000000
"7","<leaf>", 24, 24, 0,3,0.00,0,0, 3.00000000, 0.00000000, 0.00000000,24.00000000, 0.00000000, 0.00000000, 1.00000000, 0.24000000
