"","var","n","wt","dev","yval","complexity","ncompete","nsurrogate","yval2.","yval2.","yval2.","yval2.","yval2.","yval2.","yval2.","yval2.nodeprob"
"1","Petal.Length",100,100,48,2,0.56250000,3,3, 2.00000000,27.00000000,52.00000000,21.00000000, 0.27000000, 0.52000000, 0.21000000, 1.00000000
"2","<leaf>", 27, 27, 0,1,0.00000000,0,0, 1.00000000,27.00000000, 0.00000000, 0.00000000, 1.00000000, 0.00000000, 0.00000000, 0.27000000
"3","Petal.Width", 73, 73,21,2,0.39583333,3,3, 2.00000000, 0.00000000,52.00000000,21.00000000, 0.00000000, 0.71232877, 0.28767123, 0.73000000
"6","Sepal.Length", 52, 52, 1,2,0.01041667,3,0, 2.00000000, 0.00000000,51.00000000, 1.00000000, 0.00000000, 0.98076923, 0.01923077, 0.52000000
"12","<leaf>", 50, 50, 0,2,0.00000000,0,0, 2.00000000, 0.00000000,50.00000000, 0.00000000, 0.00000000, 1.00000000, 0.00000000, 0.50000000
"13","Sepal.Width",  2,  2, 1,2,0.01041667,2,0, 2.00000000, 0.00000000, 1.00000000, 1.00000000, 0.00000000, 0.50000000, 0.50000000, 0.02000000
"26","<leaf>",  1,  1, 0,2,0.00000000,0,0, 2.00000000, 0.00000000, 1.00000000, 0.00000000, 0.00000000, 1.00000000, 0.00000000, 0.01000000
"27","<leaf>",  1,  1, 0,3,0.00000000,0,0, 3.00000000, 0.00000000, 0.00000000, 1.00000000, 0.00000000, 0.00000000, 1.00000000, 0.01000000
"7","Petal.Length", 21, 21, 1,3,0.02083333,3,0, 3.00000000, 0.00000000, 1.00000000,20.00000000, 0.00000000, 0.04761905, 0.95238095, 0.21000000
"14","<leaf>",  1,  1, 0,2,0.00000000,0,0, 2.00000000, 0.00000000, 1.00000000, 0.00000000, 0.00000000, 1.00000000, 0.00000000, 0.01000000
"15","<leaf>", 20, 20, 0,3,0.00000000,0,0, 3.00000000, 0.00000000, 0.00000000,20.00000000, 0.00000000, 0.00000000, 1.00000000, 0.20000000
