"","var","n","wt","dev","yval","complexity","ncompete","nsurrogate","yval2.","yval2.","yval2.","yval2.","yval2.","yval2.","yval2.","yval2.nodeprob"
"1","Petal.Length",100,100,49,1,0.51020408,3,3, 1.00000000,51.00000000,25.00000000,24.00000000, 0.51000000, 0.25000000, 0.24000000, 1.00000000
"2","<leaf>", 51, 51, 0,1,0.00000000,0,0, 1.00000000,51.00000000, 0.00000000, 0.00000000, 1.00000000, 0.00000000, 0.00000000, 0.51000000
"3","Petal.Width", 49, 49,24,2,0.42857143,3,3, 2.00000000, 0.00000000,25.00000000,24.00000000, 0.00000000, 0.51020408, 0.48979592, 0.49000000
"6","Petal.Length", 26, 26, 2,2,0.02040816,3,0, 2.00000000, 0.00000000,24.00000000, 2.00000000, 0.00000000, 0.92307692, 0.07692308, 0.26000000
"12","<leaf>", 23, 23, 0,2,0.00000000,0,0, 2.00000000, 0.00000000,23.00000000, 0.00000000, 0.00000000, 1.00000000, 0.00000000, 0.23000000
"13","Sepal.Length",  3,  3, 1,3,0.02040816,3,0, 3.00000000, 0.00000000, 1.00000000, 2.00000000, 0.00000000, 0.33333333, 0.66666667, 0.03000000
"26","<leaf>",  1,  1, 0,2,0.00000000,0,0, 2.00000000, 0.00000000, 1.00000000, 0.00000000, 0.00000000, 1.00000000, 0.00000000, 0.01000000
"27","<leaf>",  2,  2, 0,3,0.00000000,0,0, 3.00000000, 0.00000000, 0.00000000, 2.00000000, 0.00000000, 0.00000000, 1.00000000, 0.02000000
"7","Sepal.Length", 23, 23, 1,3,0.01020408,3,0, 3.00000000, 0.00000000, 1.00000000,22.00000000, 0.00000000, 0.04347826, 0.95652174, 0.23000000
"14","Sepal.Length",  2,  2, 1,2,0.01020408,3,0, 2.00000000, 0.00000000, 1.00000000, 1.00000000, 0.00000000, 0.50000000, 0.50000000, 0.02000000
"28","<leaf>",  1,  1, 0,2,0.00000000,0,0, 2.00000000, 0.00000000, 1.00000000, 0.00000000, 0.00000000, 1.00000000, 0.00000000, 0.01000000
"29","<leaf>",  1,  1, 0,3,0.00000000,0,0, 3.00000000, 0.00000000, 0.00000000, 1.00000000, 0.00000000, 0.00000000, 1.00000000, 0.01000000
"15","<leaf>", 21, 21, 0,3,0.00000000,0,0, 3.00000000, 0.00000000, 0.00000000,21.00000000, 0.00000000, 0.00000000, 1.00000000, 0.21000000
