"","var","n","wt","dev","yval","complexity","ncompete","nsurrogate","yval2.","yval2.","yval2.","yval2.","yval2.","yval2.","yval2.","yval2.nodeprob"
"1","Petal.Length",100,100,52,3,0.51923077,3,3, 3.00000000,27.00000000,25.00000000,48.00000000, 0.27000000, 0.25000000, 0.48000000, 1.00000000
"2","Petal.Length", 49, 49,22,1,0.42307692,3,3, 1.00000000,27.00000000,22.00000000, 0.00000000, 0.55102041, 0.44897959, 0.00000000, 0.49000000
"4","<leaf>", 27, 27, 0,1,0.00000000,0,0, 1.00000000,27.00000000, 0.00000000, 0.00000000, 1.00000000, 0.00000000, 0.00000000, 0.27000000
"5","<leaf>", 22, 22, 0,2,0.00000000,0,0, 2.00000000, 0.00000000,22.00000000, 0.00000000, 0.00000000, 1.00000000, 0.00000000, 0.22000000
"3","Petal.Width", 51, 51, 3,3,0.01442308,3,2, 3.00000000, 0.00000000, 3.00000000,48.00000000, 0.00000000, 0.05882353, 0.94117647, 0.51000000
"6","Petal.Length",  7,  7, 3,3,0.01442308,3,0, 3.00000000, 0.00000000, 3.00000000, 4.00000000, 0.00000000, 0.42857143, 0.57142857, 0.07000000
"12","Petal.Width",  5,  5, 2,2,0.01442308,3,1, 2.00000000, 0.00000000, 3.00000000, 2.00000000, 0.00000000, 0.60000000, 0.40000000, 0.05000000
"24","<leaf>",  2,  2, 0,2,0.00000000,0,0, 2.00000000, 0.00000000, 2.00000000, 0.00000000, 0.00000000, 1.00000000, 0.00000000, 0.02000000
"25","Petal.Length",  3,  3, 1,3,0.01442308,2,0, 3.00000000, 0.00000000, 1.00000000, 2.00000000, 0.00000000, 0.33333333, 0.66666667, 0.03000000
"50","<leaf>",  1,  1, 0,2,0.00000000,0,0, 2.00000000, 0.00000000, 1.00000000, 0.00000000, 0.00000000, 1.00000000, 0.00000000, 0.01000000
"51","<leaf>",  2,  2, 0,3,0.00000000,0,0, 3.00000000, 0.00000000, 0.00000000, 2.00000000, 0.00000000, 0.00000000, 1.00000000, 0.02000000
"13","<leaf>",  2,  2, 0,3,0.00000000,0,0, 3.00000000, 0.00000000, 0.00000000, 2.00000000, 0.00000000, 0.00000000, 1.00000000, 0.02000000
"7","<leaf>", 44, 44, 0,3,0.00000000,0,0, 3.00000000, 0.00000000, 0.00000000,44.00000000, 0.00000000, 0.00000000, 1.00000000, 0.44000000
