"","var","n","wt","dev","yval","complexity","ncompete","nsurrogate","yval2.","yval2.","yval2.","yval2.","yval2.","yval2.","yval2.","yval2.nodeprob"
"1","Petal.Width",100,100,50,2,0.56,3,2, 2.00000000,20.00000000,50.00000000,30.00000000, 0.20000000, 0.50000000, 0.30000000, 1.00000000
"2","Petal.Length", 70, 70,21,2,0.40,3,3, 2.00000000,20.00000000,49.00000000, 1.00000000, 0.28571429, 0.70000000, 0.01428571, 0.70000000
"4","<leaf>", 20, 20, 0,1,0.00,0,0, 1.00000000,20.00000000, 0.00000000, 0.00000000, 1.00000000, 0.00000000, 0.00000000, 0.20000000
"5","Petal.Length", 50, 50, 1,2,0.01,3,0, 2.00000000, 0.00000000,49.00000000, 1.00000000, 0.00000000, 0.98000000, 0.02000000, 0.50000000
"10","<leaf>", 48, 48, 0,2,0.00,0,0, 2.00000000, 0.00000000,48.00000000, 0.00000000, 0.00000000, 1.00000000, 0.00000000, 0.48000000
"11","Sepal.Length",  2,  2, 1,2,0.01,2,0, 2.00000000, 0.00000000, 1.00000000, 1.00000000, 0.00000000, 0.50000000, 0.50000000, 0.02000000
"22","<leaf>",  1,  1, 0,2,0.00,0,0, 2.00000000, 0.00000000, 1.00000000, 0.00000000, 0.00000000, 1.00000000, 0.00000000, 0.01000000
"23","<leaf>",  1,  1, 0,3,0.00,0,0, 3.00000000, 0.00000000, 0.00000000, 1.00000000, 0.00000000, 0.00000000, 1.00000000, 0.01000000
"3","Petal.Length", 30, 30, 1,3,0.01,3,0, 3.00000000, 0.00000000, 1.00000000,29.00000000, 0.00000000, 0.03333333, 0.96666667, 0.30000000
"6","Sepal.Width",  3,  3, 1,3,0.01,3,0, 3.00000000, 0.00000000, 1.00000000, 2.00000000, 0.00000000, 0.33333333, 0.66666667, 0.03000000
"12","<leaf>",  1,  1, 0,2,0.00,0,0, 2.00000000, 0.00000000, 1.00000000, 0.00000000, 0.00000000, 1.00000000, 0.00000000, 0.01000000
"13","<leaf>",  2,  2, 0,3,0.00,0,0, 3.00000000, 0.00000000, 0.00000000, 2.00000000, 0.00000000, 0.00000000, 1.00000000, 0.02000000
"7","<leaf>", 27, 27, 0,3,0.00,0,0, 3.00000000, 0.00000000, 0.00000000,27.00000000, 0.00000000, 0.00000000, 1.00000000, 0.27000000
