"","var","n","wt","dev","yval","complexity","ncompete","nsurrogate","yval2.","yval2.","yval2.","yval2.","yval2.","yval2.","yval2.","yval2.nodeprob"
"1","Petal.Length",100,100,49,1,0.65306122,3,3, 1.00000000,51.00000000,17.00000000,32.00000000, 0.51000000, 0.17000000, 0.32000000, 1.00000000
"2","<leaf>", 51, 51, 0,1,0.00000000,0,0, 1.00000000,51.00000000, 0.00000000, 0.00000000, 1.00000000, 0.00000000, 0.00000000, 0.51000000
"3","Petal.Length", 49, 49,17,3,0.32653061,3,3, 3.00000000, 0.00000000,17.00000000,32.00000000, 0.00000000, 0.34693878, 0.65306122, 0.49000000
"6","Petal.Length", 18, 18, 1,2,0.01020408,3,1, 2.00000000, 0.00000000,17.00000000, 1.00000000, 0.00000000, 0.94444444, 0.05555556, 0.18000000
"12","<leaf>", 16, 16, 0,2,0.00000000,0,0, 2.00000000, 0.00000000,16.00000000, 0.00000000, 0.00000000, 1.00000000, 0.00000000, 0.16000000
"13","Sepal.Length",  2,  2, 1,2,0.01020408,1,0, 2.00000000, 0.00000000, 1.00000000, 1.00000000, 0.00000000, 0.50000000, 0.50000000, 0.02000000
"26","<leaf>",  1,  1, 0,2,0.00000000,0,0, 2.00000000, 0.00000000, 1.00000000, 0.00000000, 0.00000000, 1.00000000, 0.00000000, 0.01000000
"27","<leaf>",  1,  1, 0,3,0.00000000,0,0, 3.00000000, 0.00000000, 0.00000000, 1.00000000, 0.00000000, 0.00000000, 1.00000000, 0.01000000
"7","<leaf>", 31, 31, 0,3,0.00000000,0,0, 3.00000000, 0.00000000, 0.00000000,31.00000000, 0.00000000, 0.00000000, 1.00000000, 0.31000000
