"","var","n","wt","dev","yval","complexity","ncompete","nsurrogate","yval2.","yval2.","yval2.","yval2.","yval2.","yval2.","yval2.","yval2.nodeprob"
"1","Petal.Length",100,100,51,2,0.509803922,3,3, 2.00000000,26.00000000,49.00000000,25.00000000, 0.26000000, 0.49000000, 0.25000000, 1.00000000
"2","<leaf>", 26, 26, 0,1,0.000000000,0,0, 1.00000000,26.00000000, 0.00000000, 0.00000000, 1.00000000, 0.00000000, 0.00000000, 0.26000000
"3","Petal.Width", 74, 74,25,2,0.431372549,3,3, 2.00000000, 0.00000000,49.00000000,25.00000000, 0.00000000, 0.66216216, 0.33783784, 0.74000000
"6","Petal.Length", 52, 52, 3,2,0.039215686,3,1, 2.00000000, 0.00000000,49.00000000, 3.00000000, 0.00000000, 0.94230769, 0.05769231, 0.52000000
"12","<leaf>", 48, 48, 0,2,0.000000000,0,0, 2.00000000, 0.00000000,48.00000000, 0.00000000, 0.00000000, 1.00000000, 0.00000000, 0.48000000
"13","Sepal.Length",  4,  4, 1,3,0.009803922,3,1, 3.00000000, 0.00000000, 1.00000000, 3.00000000, 0.00000000, 0.25000000, 0.75000000, 0.04000000
"26","Sepal.Width",  2,  2, 1,2,0.009803922,2,0, 2.00000000, 0.00000000, 1.00000000, 1.00000000, 0.00000000, 0.50000000, 0.50000000, 0.02000000
"52","<leaf>",  1,  1, 0,2,0.000000000,0,0, 2.00000000, 0.00000000, 1.00000000, 0.00000000, 0.00000000, 1.00000000, 0.00000000, 0.01000000
"53","<leaf>",  1,  1, 0,3,0.000000000,0,0, 3.00000000, 0.00000000, 0.00000000, 1.00000000, 0.00000000, 0.00000000, 1.00000000, 0.01000000
"27","<leaf>",  2,  2, 0,3,0.000000000,0,0, 3.00000000, 0.00000000, 0.00000000, 2.00000000, 0.00000000, 0.00000000, 1.00000000, 0.02000000
"7","<leaf>", 22, 22, 0,3,0.000000000,0,0, 3.00000000, 0.00000000, 0.00000000,22.00000000, 0.00000000, 0.00000000, 1.00000000, 0.22000000
