"","var","n","wt","dev","yval","complexity","ncompete","nsurrogate","yval2.","yval2.","yval2.","yval2.","yval2.","yval2.","yval2.","yval2.nodeprob"
"1","Petal.Length",100,100,55,1,0.545454545,3,3, 1.00000000,45.00000000,30.00000000,25.00000000, 0.45000000, 0.30000000, 0.25000000, 1.00000000
"2","<leaf>", 45, 45, 0,1,0.000000000,0,0, 1.00000000,45.00000000, 0.00000000, 0.00000000, 1.00000000, 0.00000000, 0.00000000, 0.45000000
"3","Petal.Width", 55, 55,25,2,0.400000000,3,3, 2.00000000, 0.00000000,30.00000000,25.00000000, 0.00000000, 0.54545455, 0.45454545, 0.55000000
"6","Petal.Length", 31, 31, 2,2,0.036363636,3,0, 2.00000000, 0.00000000,29.00000000, 2.00000000, 0.00000000, 0.93548387, 0.06451613, 0.31000000
"12","<leaf>", 29, 29, 0,2,0.000000000,0,0, 2.00000000, 0.00000000,29.00000000, 0.00000000, 0.00000000, 1.00000000, 0.00000000, 0.29000000
"13","<leaf>",  2,  2, 0,3,0.000000000,0,0, 3.00000000, 0.00000000, 0.00000000, 2.00000000, 0.00000000, 0.00000000, 1.00000000, 0.02000000
"7","Petal.Length", 24, 24, 1,3,0.009090909,3,0, 3.00000000, 0.00000000, 1.00000000,23.00000000, 0.00000000, 0.04166667, 0.95833333, 0.24000000
"14","Sepal.Length",  2,  2, 1,2,0.009090909,1,0, 2.00000000, 0.00000000, 1.00000000, 1.00000000, 0.00000000, 0.50000000, 0.50000000, 0.02000000
"28","<leaf>",  1,  1, 0,2,0.000000000,0,0, 2.00000000, 0.00000000, 1.00000000, 0.00000000, 0.00000000, 1.00000000, 0.00000000, 0.01000000
"29","<leaf>",  1,  1, 0,3,0.000000000,0,0, 3.00000000, 0.00000000, 0.00000000, 1.00000000, 0.00000000, 0.00000000, 1.00000000, 0.01000000
"15","<leaf>", 22, 22, 0,3,0.000000000,0,0, 3.00000000, 0.00000000, 0.00000000,22.00000000, 0.00000000, 0.00000000, 1.00000000, 0.22000000
