"","var","n","wt","dev","yval","complexity","ncompete","nsurrogate","yval2.","yval2.","yval2.","yval2.","yval2.","yval2.","yval2.","yval2.nodeprob"
"1","Petal.Length",99,99,53,3,0.509433962,3,3, 3.00000000,27.00000000,26.00000000,46.00000000, 0.27272727, 0.26262626, 0.46464646, 1.00000000
"2","Petal.Length",51,51,24,1,0.452830189,3,3, 1.00000000,27.00000000,24.00000000, 0.00000000, 0.52941176, 0.47058824, 0.00000000, 0.51515152
"4","<leaf>",27,27, 0,1,0.000000000,0,0, 1.00000000,27.00000000, 0.00000000, 0.00000000, 1.00000000, 0.00000000, 0.00000000, 0.27272727
"5","<leaf>",24,24, 0,2,0.000000000,0,0, 2.00000000, 0.00000000,24.00000000, 0.00000000, 0.00000000, 1.00000000, 0.00000000, 0.24242424
"3","Petal.Width",48,48, 2,3,0.018867925,3,0, 3.00000000, 0.00000000, 2.00000000,46.00000000, 0.00000000, 0.04166667, 0.95833333, 0.48484848
"6","<leaf>", 1, 1, 0,2,0.000000000,0,0, 2.00000000, 0.00000000, 1.00000000, 0.00000000, 0.00000000, 1.00000000, 0.00000000, 0.01010101
"7","Petal.Length",47,47, 1,3,0.009433962,3,0, 3.00000000, 0.00000000, 1.00000000,46.00000000, 0.00000000, 0.02127660, 0.97872340, 0.47474747
"14","Sepal.Length", 2, 2, 1,2,0.009433962,1,0, 2.00000000, 0.00000000, 1.00000000, 1.00000000, 0.00000000, 0.50000000, 0.50000000, 0.02020202
"28","<leaf>", 1, 1, 0,2,0.000000000,0,0, 2.00000000, 0.00000000, 1.00000000, 0.00000000, 0.00000000, 1.00000000, 0.00000000, 0.01010101
"29","<leaf>", 1, 1, 0,3,0.000000000,0,0, 3.00000000, 0.00000000, 0.00000000, 1.00000000, 0.00000000, 0.00000000, 1.00000000, 0.01010101
"15","<leaf>",45,45, 0,3,0.000000000,0,0, 3.00000000, 0.00000000, 0.00000000,45.00000000, 0.00000000, 0.00000000, 1.00000000, 0.45454545
