"","var","n","wt","dev","yval","complexity","ncompete","nsurrogate","yval2.","yval2.","yval2.","yval2.","yval2.","yval2.","yval2.","yval2.nodeprob"
"1","Petal.Length",100,100,44,1,0.52272727,3,3, 1.00000000,56.00000000,23.00000000,21.00000000, 0.56000000, 0.23000000, 0.21000000, 1.00000000
"2","<leaf>", 56, 56, 0,1,0.00000000,0,0, 1.00000000,56.00000000, 0.00000000, 0.00000000, 1.00000000, 0.00000000, 0.00000000, 0.56000000
"3","Petal.Width", 44, 44,21,2,0.43181818,3,3, 2.00000000, 0.00000000,23.00000000,21.00000000, 0.00000000, 0.52272727, 0.47727273, 0.44000000
"6","Sepal.Length", 25, 25, 2,2,0.01136364,3,0, 2.00000000, 0.00000000,23.00000000, 2.00000000, 0.00000000, 0.92000000, 0.08000000, 0.25000000
"12","Sepal.Width", 23, 23, 1,2,0.01136364,3,0, 2.00000000, 0.00000000,22.00000000, 1.00000000, 0.00000000, 0.95652174, 0.04347826, 0.23000000
"24","<leaf>", 20, 20, 0,2,0.00000000,0,0, 2.00000000, 0.00000000,20.00000000, 0.00000000, 0.00000000, 1.00000000, 0.00000000, 0.20000000
"25","Petal.Length",  3,  3, 1,2,0.01136364,3,0, 2.00000000, 0.00000000, 2.00000000, 1.00000000, 0.00000000, 0.66666667, 0.33333333, 0.03000000
"50","<leaf>",  2,  2, 0,2,0.00000000,0,0, 2.00000000, 0.00000000, 2.00000000, 0.00000000, 0.00000000, 1.00000000, 0.00000000, 0.02000000
"51","<leaf>",  1,  1, 0,3,0.00000000,0,0, 3.00000000, 0.00000000, 0.00000000, 1.00000000, 0.00000000, 0.00000000, 1.00000000, 0.01000000
"13","Sepal.Width",  2,  2, 1,2,0.01136364,2,0, 2.00000000, 0.00000000, 1.00000000, 1.00000000, 0.00000000, 0.50000000, 0.50000000, 0.02000000
"26","<leaf>",  1,  1, 0,2,0.00000000,0,0, 2.00000000, 0.00000000, 1.00000000, 0.00000000, 0.00000000, 1.00000000, 0.00000000, 0.01000000
"27","<leaf>",  1,  1, 0,3,0.00000000,0,0, 3.00000000, 0.00000000, 0.00000000, 1.00000000, 0.00000000, 0.00000000, 1.00000000, 0.01000000
"7","<leaf>", 19, 19, 0,3,0.00000000,0,0, 3.00000000, 0.00000000, 0.00000000,19.00000000, 0.00000000, 0.00000000, 1.00000000, 0.19000000
