"","var","n","wt","dev","yval","complexity","ncompete","nsurrogate","yval2.","yval2.","yval2.","yval2.","yval2.","yval2.","yval2.","yval2.nodeprob"
"1","Petal.Length",100,100,54,3,0.537037037,3,3, 3.00000000,29.00000000,25.00000000,46.00000000, 0.29000000, 0.25000000, 0.46000000, 1.00000000
"2","Petal.Length", 51, 51,22,1,0.407407407,3,3, 1.00000000,29.00000000,22.00000000, 0.00000000, 0.56862745, 0.43137255, 0.00000000, 0.51000000
"4","<leaf>", 29, 29, 0,1,0.000000000,0,0, 1.00000000,29.00000000, 0.00000000, 0.00000000, 1.00000000, 0.00000000, 0.00000000, 0.29000000
"5","<leaf>", 22, 22, 0,2,0.000000000,0,0, 2.00000000, 0.00000000,22.00000000, 0.00000000, 0.00000000, 1.00000000, 0.00000000, 0.22000000
"3","Petal.Width", 49, 49, 3,3,0.018518519,3,0, 3.00000000, 0.00000000, 3.00000000,46.00000000, 0.00000000, 0.06122449, 0.93877551, 0.49000000
"6","<leaf>",  1,  1, 0,2,0.000000000,0,0, 2.00000000, 0.00000000, 1.00000000, 0.00000000, 0.00000000, 1.00000000, 0.00000000, 0.01000000
"7","Petal.Length", 48, 48, 2,3,0.009259259,3,0, 3.00000000, 0.00000000, 2.00000000,46.00000000, 0.00000000, 0.04166667, 0.95833333, 0.48000000
"14","Sepal.Length",  3,  3, 1,3,0.009259259,3,0, 3.00000000, 0.00000000, 1.00000000, 2.00000000, 0.00000000, 0.33333333, 0.66666667, 0.03000000
"28","<leaf>",  1,  1, 0,2,0.000000000,0,0, 2.00000000, 0.00000000, 1.00000000, 0.00000000, 0.00000000, 1.00000000, 0.00000000, 0.01000000
"29","<leaf>",  2,  2, 0,3,0.000000000,0,0, 3.00000000, 0.00000000, 0.00000000, 2.00000000, 0.00000000, 0.00000000, 1.00000000, 0.02000000
"15","Petal.Width", 45, 45, 1,3,0.009259259,3,3, 3.00000000, 0.00000000, 1.00000000,44.00000000, 0.00000000, 0.02222222, 0.97777778, 0.45000000
"30","Petal.Width", 19, 19, 1,3,0.009259259,3,0, 3.00000000, 0.00000000, 1.00000000,18.00000000, 0.00000000, 0.05263158, 0.94736842, 0.19000000
"60","<leaf>",  1,  1, 0,2,0.000000000,0,0, 2.00000000, 0.00000000, 1.00000000, 0.00000000, 0.00000000, 1.00000000, 0.00000000, 0.01000000
"61","<leaf>", 18, 18, 0,3,0.000000000,0,0, 3.00000000, 0.00000000, 0.00000000,18.00000000, 0.00000000, 0.00000000, 1.00000000, 0.18000000
"31","<leaf>", 26, 26, 0,3,0.000000000,0,0, 3.00000000, 0.00000000, 0.00000000,26.00000000, 0.00000000, 0.00000000, 1.00000000, 0.26000000
