"","var","n","wt","dev","yval","complexity","ncompete","nsurrogate","yval2.","yval2.","yval2.","yval2.","yval2.","yval2.","yval2.","yval2.nodeprob"
"1","Petal.Length",100,100,45,2,0.66666667,3,3, 2.0000000,30.0000000,55.0000000,15.0000000, 0.3000000, 0.5500000, 0.1500000, 1.0000000
"2","<leaf>", 30, 30, 0,1,0.00000000,0,0, 1.0000000,30.0000000, 0.0000000, 0.0000000, 1.0000000, 0.0000000, 0.0000000, 0.3000000
"3","Petal.Width", 70, 70,15,2,0.31111111,3,3, 2.0000000, 0.0000000,55.0000000,15.0000000, 0.0000000, 0.7857143, 0.2142857, 0.7000000
"6","<leaf>", 54, 54, 0,2,0.00000000,0,0, 2.0000000, 0.0000000,54.0000000, 0.0000000, 0.0000000, 1.0000000, 0.0000000, 0.5400000
"7","Petal.Length", 16, 16, 1,3,0.01111111,3,0, 3.0000000, 0.0000000, 1.0000000,15.0000000, 0.0000000, 0.0625000, 0.9375000, 0.1600000
"14","Sepal.Length",  3,  3, 1,3,0.01111111,1,0, 3.0000000, 0.0000000, 1.0000000, 2.0000000, 0.0000000, 0.3333333, 0.6666667, 0.0300000
"28","<leaf>",  1,  1, 0,2,0.00000000,0,0, 2.0000000, 0.0000000, 1.0000000, 0.0000000, 0.0000000, 1.0000000, 0.0000000, 0.0100000
"29","<leaf>",  2,  2, 0,3,0.00000000,0,0, 3.0000000, 0.0000000, 0.0000000, 2.0000000, 0.0000000, 0.0000000, 1.0000000, 0.0200000
"15","<leaf>", 13, 13, 0,3,0.00000000,0,0, 3.0000000, 0.0000000, 0.0000000,13.0000000, 0.0000000, 0.0000000, 1.0000000, 0.1300000
