"","var","n","wt","dev","yval","complexity","ncompete","nsurrogate","yval2.","yval2.","yval2.","yval2.","yval2.","yval2.","yval2.","yval2.nodeprob"
"1","Petal.Length",99,99,50,3,0.50,3,3, 3.00000000,27.00000000,23.00000000,49.00000000, 0.27272727, 0.23232323, 0.49494949, 1.00000000
"2","Petal.Length",51,51,24,1,0.44,3,3, 1.00000000,27.00000000,22.00000000, 2.00000000, 0.52941176, 0.43137255, 0.03921569, 0.51515152
"4","<leaf>",27,27, 0,1,0.00,0,0, 1.00000000,27.00000000, 0.00000000, 0.00000000, 1.00000000, 0.00000000, 0.00000000, 0.27272727
"5","Petal.Width",24,24, 2,2,0.02,3,1, 2.00000000, 0.00000000,22.00000000, 2.00000000, 0.00000000, 0.91666667, 0.08333333, 0.24242424
"10","<leaf>",21,21, 0,2,0.00,0,0, 2.00000000, 0.00000000,21.00000000, 0.00000000, 0.00000000, 1.00000000, 0.00000000, 0.21212121
"11","Sepal.Width", 3, 3, 1,3,0.02,3,0, 3.00000000, 0.00000000, 1.00000000, 2.00000000, 0.00000000, 0.33333333, 0.66666667, 0.03030303
"22","<leaf>", 1, 1, 0,2,0.00,0,0, 2.00000000, 0.00000000, 1.00000000, 0.00000000, 0.00000000, 1.00000000, 0.00000000, 0.01010101
"23","<leaf>", 2, 2, 0,3,0.00,0,0, 3.00000000, 0.00000000, 0.00000000, 2.00000000, 0.00000000, 0.00000000, 1.00000000, 0.02020202
"3","Sepal.Width",48,48, 1,3,0.01,3,2, 3.00000000, 0.00000000, 1.00000000,47.00000000, 0.00000000, 0.02083333, 0.97916667, 0.48484848
"6","Sepal.Length", 3, 3, 1,3,0.01,3,0, 3.00000000, 0.00000000, 1.00000000, 2.00000000, 0.00000000, 0.33333333, 0.66666667, 0.03030303
"12","<leaf>", 1, 1, 0,2,0.00,0,0, 2.00000000, 0.00000000, 1.00000000, 0.00000000, 0.00000000, 1.00000000, 0.00000000, 0.01010101
"13","<leaf>", 2, 2, 0,3,0.00,0,0, 3.00000000, 0.00000000, 0.00000000, 2.00000000, 0.00000000, 0.00000000, 1.00000000, 0.02020202
"7","<leaf>",45,45, 0,3,0.00,0,0, 3.00000000, 0.00000000, 0.00000000,45.00000000, 0.00000000, 0.00000000, 1.00000000, 0.45454545
