"","var","n","wt","dev","yval","complexity","ncompete","nsurrogate","yval2.","yval2.","yval2.","yval2.","yval2.","yval2.","yval2.","yval2.nodeprob"
"1","Petal.Length",100,100,51,3,0.568627451,3,3, 3.00000000,29.00000000,22.00000000,49.00000000, 0.29000000, 0.22000000, 0.49000000, 1.00000000
"2","<leaf>", 29, 29, 0,1,0.000000000,0,0, 1.00000000,29.00000000, 0.00000000, 0.00000000, 1.00000000, 0.00000000, 0.00000000, 0.29000000
"3","Petal.Length", 71, 71,22,3,0.352941176,3,3, 3.00000000, 0.00000000,22.00000000,49.00000000, 0.00000000, 0.30985915, 0.69014085, 0.71000000
"6","Petal.Width", 22, 22, 2,2,0.019607843,3,1, 2.00000000, 0.00000000,20.00000000, 2.00000000, 0.00000000, 0.90909091, 0.09090909, 0.22000000
"12","<leaf>", 19, 19, 0,2,0.000000000,0,0, 2.00000000, 0.00000000,19.00000000, 0.00000000, 0.00000000, 1.00000000, 0.00000000, 0.19000000
"13","Sepal.Width",  3,  3, 1,3,0.019607843,3,0, 3.00000000, 0.00000000, 1.00000000, 2.00000000, 0.00000000, 0.33333333, 0.66666667, 0.03000000
"26","<leaf>",  1,  1, 0,2,0.000000000,0,0, 2.00000000, 0.00000000, 1.00000000, 0.00000000, 0.00000000, 1.00000000, 0.00000000, 0.01000000
"27","<leaf>",  2,  2, 0,3,0.000000000,0,0, 3.00000000, 0.00000000, 0.00000000, 2.00000000, 0.00000000, 0.00000000, 1.00000000, 0.02000000
"7","Petal.Width", 49, 49, 2,3,0.009803922,3,1, 3.00000000, 0.00000000, 2.00000000,47.00000000, 0.00000000, 0.04081633, 0.95918367, 0.49000000
"14","Sepal.Width",  6,  6, 2,3,0.009803922,3,0, 3.00000000, 0.00000000, 2.00000000, 4.00000000, 0.00000000, 0.33333333, 0.66666667, 0.06000000
"28","<leaf>",  1,  1, 0,2,0.000000000,0,0, 2.00000000, 0.00000000, 1.00000000, 0.00000000, 0.00000000, 1.00000000, 0.00000000, 0.01000000
"29","Sepal.Length",  5,  5, 1,3,0.009803922,3,2, 3.00000000, 0.00000000, 1.00000000, 4.00000000, 0.00000000, 0.20000000, 0.80000000, 0.05000000
"58","Sepal.Width",  2,  2, 1,2,0.009803922,2,0, 2.00000000, 0.00000000, 1.00000000, 1.00000000, 0.00000000, 0.50000000, 0.50000000, 0.02000000
"116","<leaf>",  1,  1, 0,2,0.000000000,0,0, 2.00000000, 0.00000000, 1.00000000, 0.00000000, 0.00000000, 1.00000000, 0.00000000, 0.01000000
"117","<leaf>",  1,  1, 0,3,0.000000000,0,0, 3.00000000, 0.00000000, 0.00000000, 1.00000000, 0.00000000, 0.00000000, 1.00000000, 0.01000000
"59","<leaf>",  3,  3, 0,3,0.000000000,0,0, 3.00000000, 0.00000000, 0.00000000, 3.00000000, 0.00000000, 0.00000000, 1.00000000, 0.03000000
"15","<leaf>", 43, 43, 0,3,0.000000000,0,0, 3.00000000, 0.00000000, 0.00000000,43.00000000, 0.00000000, 0.00000000, 1.00000000, 0.43000000
