"","var","n","wt","dev","yval","complexity","ncompete","nsurrogate","yval2.","yval2.","yval2.","yval2.","yval2.","yval2.","yval2.","yval2.nodeprob"
"1","Petal.Length",99,99,47,1,0.5106383,3,3, 1.00000000,52.00000000,24.00000000,23.00000000, 0.52525253, 0.24242424, 0.23232323, 1.00000000
"2","<leaf>",52,52, 0,1,0.0000000,0,0, 1.00000000,52.00000000, 0.00000000, 0.00000000, 1.00000000, 0.00000000, 0.00000000, 0.52525253
"3","Petal.Width",47,47,23,2,0.4680851,3,3, 2.00000000, 0.00000000,24.00000000,23.00000000, 0.00000000, 0.51063830, 0.48936170, 0.47474747
"6","Sepal.Width",25,25, 1,2,0.0106383,3,0, 2.00000000, 0.00000000,24.00000000, 1.00000000, 0.00000000, 0.96000000, 0.04000000, 0.25252525
"12","<leaf>",23,23, 0,2,0.0000000,0,0, 2.00000000, 0.00000000,23.00000000, 0.00000000, 0.00000000, 1.00000000, 0.00000000, 0.23232323
"13","Petal.Length", 2, 2, 1,2,0.0106383,1,0, 2.00000000, 0.00000000, 1.00000000, 1.00000000, 0.00000000, 0.50000000, 0.50000000, 0.02020202
"26","<leaf>", 1, 1, 0,2,0.0000000,0,0, 2.00000000, 0.00000000, 1.00000000, 0.00000000, 0.00000000, 1.00000000, 0.00000000, 0.01010101
"27","<leaf>", 1, 1, 0,3,0.0000000,0,0, 3.00000000, 0.00000000, 0.00000000, 1.00000000, 0.00000000, 0.00000000, 1.00000000, 0.01010101
"7","<leaf>",22,22, 0,3,0.0000000,0,0, 3.00000000, 0.00000000, 0.00000000,22.00000000, 0.00000000, 0.00000000, 1.00000000, 0.22222222
