"","var","n","wt","dev","yval","complexity","ncompete","nsurrogate","yval2.","yval2.","yval2.","yval2.","yval2.","yval2.","yval2.","yval2.nodeprob"
"1","Petal.Width",99,99,50,3,0.54,3,3, 3.00000000,21.00000000,29.00000000,49.00000000, 0.21212121, 0.29292929, 0.49494949, 1.00000000
"2","Petal.Length",52,52,23,2,0.42,3,3, 2.00000000,21.00000000,29.00000000, 2.00000000, 0.40384615, 0.55769231, 0.03846154, 0.52525253
"4","<leaf>",21,21, 0,1,0.00,0,0, 1.00000000,21.00000000, 0.00000000, 0.00000000, 1.00000000, 0.00000000, 0.00000000, 0.21212121
"5","Petal.Length",31,31, 2,2,0.02,3,0, 2.00000000, 0.00000000,29.00000000, 2.00000000, 0.00000000, 0.93548387, 0.06451613, 0.31313131
"10","<leaf>",28,28, 0,2,0.00,0,0, 2.00000000, 0.00000000,28.00000000, 0.00000000, 0.00000000, 1.00000000, 0.00000000, 0.28282828
"11","Sepal.Length", 3, 3, 1,3,0.02,3,0, 3.00000000, 0.00000000, 1.00000000, 2.00000000, 0.00000000, 0.33333333, 0.66666667, 0.03030303
"22","<leaf>", 1, 1, 0,2,0.00,0,0, 2.00000000, 0.00000000, 1.00000000, 0.00000000, 0.00000000, 1.00000000, 0.00000000, 0.01010101
"23","<leaf>", 2, 2, 0,3,0.00,0,0, 3.00000000, 0.00000000, 0.00000000, 2.00000000, 0.00000000, 0.00000000, 1.00000000, 0.02020202
"3","<leaf>",47,47, 0,3,0.00,0,0, 3.00000000, 0.00000000, 0.00000000,47.00000000, 0.00000000, 0.00000000, 1.00000000, 0.47474747
