"","var","n","wt","dev","yval","complexity","ncompete","nsurrogate","yval2.","yval2.","yval2.","yval2.","yval2.","yval2.","yval2.","yval2.nodeprob"
"1","Petal.Length",100,100,52,2,0.51923077,3,3, 2.00000000,27.00000000,48.00000000,25.00000000, 0.27000000, 0.48000000, 0.25000000, 1.00000000
"2","<leaf>", 27, 27, 0,1,0.00000000,0,0, 1.00000000,27.00000000, 0.00000000, 0.00000000, 1.00000000, 0.00000000, 0.00000000, 0.27000000
"3","Petal.Length", 73, 73,25,2,0.44230769,3,3, 2.00000000, 0.00000000,48.00000000,25.00000000, 0.00000000, 0.65753425, 0.34246575, 0.73000000
"6","<leaf>", 46, 46, 0,2,0.00000000,0,0, 2.00000000, 0.00000000,46.00000000, 0.00000000, 0.00000000, 1.00000000, 0.00000000, 0.46000000
"7","Petal.Width", 27, 27, 2,3,0.01923077,3,0, 3.00000000, 0.00000000, 2.00000000,25.00000000, 0.00000000, 0.07407407, 0.92592593, 0.27000000
"14","Petal.Width",  4,  4, 2,2,0.01923077,3,0, 2.00000000, 0.00000000, 2.00000000, 2.00000000, 0.00000000, 0.50000000, 0.50000000, 0.04000000
"28","<leaf>",  2,  2, 0,2,0.00000000,0,0, 2.00000000, 0.00000000, 2.00000000, 0.00000000, 0.00000000, 1.00000000, 0.00000000, 0.02000000
"29","<leaf>",  2,  2, 0,3,0.00000000,0,0, 3.00000000, 0.00000000, 0.00000000, 2.00000000, 0.00000000, 0.00000000, 1.00000000, 0.02000000
"15","<leaf>", 23, 23, 0,3,0.00000000,0,0, 3.00000000, 0.00000000, 0.00000000,23.00000000, 0.00000000, 0.00000000, 1.00000000, 0.23000000
