"","var","n","wt","dev","yval","complexity","ncompete","nsurrogate","yval2.","yval2.","yval2.","yval2.","yval2.","yval2.","yval2.","yval2.nodeprob"
"1","Petal.Length",100,100,46,2,0.50000000,3,3, 2.00000000,23.00000000,54.00000000,23.00000000, 0.23000000, 0.54000000, 0.23000000, 1.00000000
"2","<leaf>", 23, 23, 0,1,0.00000000,0,0, 1.00000000,23.00000000, 0.00000000, 0.00000000, 1.00000000, 0.00000000, 0.00000000, 0.23000000
"3","Petal.Length", 77, 77,23,2,0.43478261,3,2, 2.00000000, 0.00000000,54.00000000,23.00000000, 0.00000000, 0.70129870, 0.29870130, 0.77000000
"6","Petal.Width", 57, 57, 3,2,0.01449275,3,0, 2.00000000, 0.00000000,54.00000000, 3.00000000, 0.00000000, 0.94736842, 0.05263158, 0.57000000
"12","Petal.Length", 53, 53, 1,2,0.01449275,3,0, 2.00000000, 0.00000000,52.00000000, 1.00000000, 0.00000000, 0.98113208, 0.01886792, 0.53000000
"24","<leaf>", 52, 52, 0,2,0.00000000,0,0, 2.00000000, 0.00000000,52.00000000, 0.00000000, 0.00000000, 1.00000000, 0.00000000, 0.52000000
"25","<leaf>",  1,  1, 0,3,0.00000000,0,0, 3.00000000, 0.00000000, 0.00000000, 1.00000000, 0.00000000, 0.00000000, 1.00000000, 0.01000000
"13","Sepal.Length",  4,  4, 2,2,0.01449275,2,0, 2.00000000, 0.00000000, 2.00000000, 2.00000000, 0.00000000, 0.50000000, 0.50000000, 0.04000000
"26","Sepal.Length",  3,  3, 1,2,0.01086957,3,0, 2.00000000, 0.00000000, 2.00000000, 1.00000000, 0.00000000, 0.66666667, 0.33333333, 0.03000000
"52","<leaf>",  1,  1, 0,2,0.00000000,0,0, 2.00000000, 0.00000000, 1.00000000, 0.00000000, 0.00000000, 1.00000000, 0.00000000, 0.01000000
"53","Sepal.Length",  2,  2, 1,2,0.01086957,2,0, 2.00000000, 0.00000000, 1.00000000, 1.00000000, 0.00000000, 0.50000000, 0.50000000, 0.02000000
"106","<leaf>",  1,  1, 0,2,0.00000000,0,0, 2.00000000, 0.00000000, 1.00000000, 0.00000000, 0.00000000, 1.00000000, 0.00000000, 0.01000000
"107","<leaf>",  1,  1, 0,3,0.00000000,0,0, 3.00000000, 0.00000000, 0.00000000, 1.00000000, 0.00000000, 0.00000000, 1.00000000, 0.01000000
"27","<leaf>",  1,  1, 0,3,0.00000000,0,0, 3.00000000, 0.00000000, 0.00000000, 1.00000000, 0.00000000, 0.00000000, 1.00000000, 0.01000000
"7","<leaf>", 20, 20, 0,3,0.00000000,0,0, 3.00000000, 0.00000000, 0.00000000,20.00000000, 0.00000000, 0.00000000, 1.00000000, 0.20000000
