"","var","n","wt","dev","yval","complexity","ncompete","nsurrogate","yval2.","yval2.","yval2.","yval2.","yval2.","yval2.","yval2.","yval2.nodeprob"
"1","Petal.Length",100,100,52,1,0.51923077,3,3, 1.0000000,48.0000000,27.0000000,25.0000000, 0.4800000, 0.2700000, 0.2500000, 1.0000000
"2","<leaf>", 48, 48, 0,1,0.00000000,0,0, 1.0000000,48.0000000, 0.0000000, 0.0000000, 1.0000000, 0.0000000, 0.0000000, 0.4800000
"3","Petal.Length", 52, 52,25,2,0.42307692,3,3, 2.0000000, 0.0000000,27.0000000,25.0000000, 0.0000000, 0.5192308, 0.4807692, 0.5200000
"6","<leaf>", 24, 24, 0,2,0.00000000,0,0, 2.0000000, 0.0000000,24.0000000, 0.0000000, 0.0000000, 1.0000000, 0.0000000, 0.2400000
"7","Petal.Width", 28, 28, 3,3,0.01923077,3,1, 3.0000000, 0.0000000, 3.0000000,25.0000000, 0.0000000, 0.1071429, 0.8928571, 0.2800000
"14","Sepal.Length",  6,  6, 3,2,0.01923077,3,1, 2.0000000, 0.0000000, 3.0000000, 3.0000000, 0.0000000, 0.5000000, 0.5000000, 0.0600000
"28","Petal.Length",  4,  4, 1,2,0.01923077,3,0, 2.0000000, 0.0000000, 3.0000000, 1.0000000, 0.0000000, 0.7500000, 0.2500000, 0.0400000
"56","<leaf>",  3,  3, 0,2,0.00000000,0,0, 2.0000000, 0.0000000, 3.0000000, 0.0000000, 0.0000000, 1.0000000, 0.0000000, 0.0300000
"57","<leaf>",  1,  1, 0,3,0.00000000,0,0, 3.0000000, 0.0000000, 0.0000000, 1.0000000, 0.0000000, 0.0000000, 1.0000000, 0.0100000
"29","<leaf>",  2,  2, 0,3,0.00000000,0,0, 3.0000000, 0.0000000, 0.0000000, 2.0000000, 0.0000000, 0.0000000, 1.0000000, 0.0200000
"15","<leaf>", 22, 22, 0,3,0.00000000,0,0, 3.0000000, 0.0000000, 0.0000000,22.0000000, 0.0000000, 0.0000000, 1.0000000, 0.2200000
