"","var","n","wt","dev","yval","complexity","ncompete","nsurrogate","yval2.","yval2.","yval2.","yval2.","yval2.","yval2.","yval2.","yval2.nodeprob"
"1","Petal.Length",99,99,56,2,0.62500000,3,3, 2.00000000,35.00000000,43.00000000,21.00000000, 0.35353535, 0.43434343, 0.21212121, 1.00000000
"2","<leaf>",35,35, 0,1,0.00000000,0,0, 1.00000000,35.00000000, 0.00000000, 0.00000000, 1.00000000, 0.00000000, 0.00000000, 0.35353535
"3","Petal.Length",64,64,21,2,0.30357143,3,3, 2.00000000, 0.00000000,43.00000000,21.00000000, 0.00000000, 0.67187500, 0.32812500, 0.64646465
"6","Sepal.Length",41,41, 1,2,0.01785714,3,0, 2.00000000, 0.00000000,40.00000000, 1.00000000, 0.00000000, 0.97560976, 0.02439024, 0.41414141
"12","<leaf>",40,40, 0,2,0.00000000,0,0, 2.00000000, 0.00000000,40.00000000, 0.00000000, 0.00000000, 1.00000000, 0.00000000, 0.40404040
"13","<leaf>", 1, 1, 0,3,0.00000000,0,0, 3.00000000, 0.00000000, 0.00000000, 1.00000000, 0.00000000, 0.00000000, 1.00000000, 0.01010101
"7","Petal.Length",23,23, 3,3,0.01339286,3,3, 3.00000000, 0.00000000, 3.00000000,20.00000000, 0.00000000, 0.13043478, 0.86956522, 0.23232323
"14","Sepal.Length", 7, 7, 3,3,0.01339286,3,0, 3.00000000, 0.00000000, 3.00000000, 4.00000000, 0.00000000, 0.42857143, 0.57142857, 0.07070707
"28","<leaf>", 1, 1, 0,2,0.00000000,0,0, 2.00000000, 0.00000000, 1.00000000, 0.00000000, 0.00000000, 1.00000000, 0.00000000, 0.01010101
"29","Sepal.Length", 6, 6, 2,3,0.01339286,3,3, 3.00000000, 0.00000000, 2.00000000, 4.00000000, 0.00000000, 0.33333333, 0.66666667, 0.06060606
"58","Petal.Width", 3, 3, 1,2,0.01339286,3,0, 2.00000000, 0.00000000, 2.00000000, 1.00000000, 0.00000000, 0.66666667, 0.33333333, 0.03030303
"116","<leaf>", 2, 2, 0,2,0.00000000,0,0, 2.00000000, 0.00000000, 2.00000000, 0.00000000, 0.00000000, 1.00000000, 0.00000000, 0.02020202
"117","<leaf>", 1, 1, 0,3,0.00000000,0,0, 3.00000000, 0.00000000, 0.00000000, 1.00000000, 0.00000000, 0.00000000, 1.00000000, 0.01010101
"59","<leaf>", 3, 3, 0,3,0.00000000,0,0, 3.00000000, 0.00000000, 0.00000000, 3.00000000, 0.00000000, 0.00000000, 1.00000000, 0.03030303
"15","<leaf>",16,16, 0,3,0.00000000,0,0, 3.00000000, 0.00000000, 0.00000000,16.00000000, 0.00000000, 0.00000000, 1.00000000, 0.16161616
