"","var","n","wt","dev","yval","complexity","ncompete","nsurrogate","yval2.","yval2.","yval2.","yval2.","yval2.","yval2.","yval2.","yval2.nodeprob"
"1","Petal.Length",100,100,48,1,0.52083333,3,3, 1.00000000,52.00000000,25.00000000,23.00000000, 0.52000000, 0.25000000, 0.23000000, 1.00000000
"2","<leaf>", 52, 52, 0,1,0.00000000,0,0, 1.00000000,52.00000000, 0.00000000, 0.00000000, 1.00000000, 0.00000000, 0.00000000, 0.52000000
"3","Petal.Width", 48, 48,23,2,0.39583333,3,3, 2.00000000, 0.00000000,25.00000000,23.00000000, 0.00000000, 0.52083333, 0.47916667, 0.48000000
"6","Petal.Length", 29, 29, 4,2,0.03125000,3,0, 2.00000000, 0.00000000,25.00000000, 4.00000000, 0.00000000, 0.86206897, 0.13793103, 0.29000000
"12","Sepal.Length", 24, 24, 1,2,0.02083333,3,0, 2.00000000, 0.00000000,23.00000000, 1.00000000, 0.00000000, 0.95833333, 0.04166667, 0.24000000
"24","<leaf>", 23, 23, 0,2,0.00000000,0,0, 2.00000000, 0.00000000,23.00000000, 0.00000000, 0.00000000, 1.00000000, 0.00000000, 0.23000000
"25","<leaf>",  1,  1, 0,3,0.00000000,0,0, 3.00000000, 0.00000000, 0.00000000, 1.00000000, 0.00000000, 0.00000000, 1.00000000, 0.01000000
"13","Petal.Width",  5,  5, 2,3,0.03125000,3,1, 3.00000000, 0.00000000, 2.00000000, 3.00000000, 0.00000000, 0.40000000, 0.60000000, 0.05000000
"26","<leaf>",  2,  2, 0,2,0.00000000,0,0, 2.00000000, 0.00000000, 2.00000000, 0.00000000, 0.00000000, 1.00000000, 0.00000000, 0.02000000
"27","<leaf>",  3,  3, 0,3,0.00000000,0,0, 3.00000000, 0.00000000, 0.00000000, 3.00000000, 0.00000000, 0.00000000, 1.00000000, 0.03000000
"7","<leaf>", 19, 19, 0,3,0.00000000,0,0, 3.00000000, 0.00000000, 0.00000000,19.00000000, 0.00000000, 0.00000000, 1.00000000, 0.19000000
