"","var","n","wt","dev","yval","complexity","ncompete","nsurrogate","yval2.","yval2.","yval2.","yval2.","yval2.","yval2.","yval2.","yval2.nodeprob"
"1","Petal.Length",100,100,52,2,0.50000000,3,3, 2.00000000,26.00000000,48.00000000,26.00000000, 0.26000000, 0.48000000, 0.26000000, 1.00000000
"2","<leaf>", 26, 26, 0,1,0.00000000,0,0, 1.00000000,26.00000000, 0.00000000, 0.00000000, 1.00000000, 0.00000000, 0.00000000, 0.26000000
"3","Petal.Length", 74, 74,26,2,0.46153846,3,3, 2.00000000, 0.00000000,48.00000000,26.00000000, 0.00000000, 0.64864865, 0.35135135, 0.74000000
"6","<leaf>", 46, 46, 0,2,0.00000000,0,0, 2.00000000, 0.00000000,46.00000000, 0.00000000, 0.00000000, 1.00000000, 0.00000000, 0.46000000
"7","Petal.Width", 28, 28, 2,3,0.01923077,3,0, 3.00000000, 0.00000000, 2.00000000,26.00000000, 0.00000000, 0.07142857, 0.92857143, 0.28000000
"14","Petal.Length",  4,  4, 2,2,0.01923077,2,0, 2.00000000, 0.00000000, 2.00000000, 2.00000000, 0.00000000, 0.50000000, 0.50000000, 0.04000000
"28","<leaf>",  2,  2, 0,2,0.00000000,0,0, 2.00000000, 0.00000000, 2.00000000, 0.00000000, 0.00000000, 1.00000000, 0.00000000, 0.02000000
"29","<leaf>",  2,  2, 0,3,0.00000000,0,0, 3.00000000, 0.00000000, 0.00000000, 2.00000000, 0.00000000, 0.00000000, 1.00000000, 0.02000000
"15","<leaf>", 24, 24, 0,3,0.00000000,0,0, 3.00000000, 0.00000000, 0.00000000,24.00000000, 0.00000000, 0.00000000, 1.00000000, 0.24000000
