"","var","n","wt","dev","yval","complexity","ncompete","nsurrogate","yval2.","yval2.","yval2.","yval2.","yval2.","yval2.","yval2.","yval2.nodeprob"
"1","Petal.Length",100,100,49,3,0.55102041,3,3, 3.00000000,27.00000000,22.00000000,51.00000000, 0.27000000, 0.22000000, 0.51000000, 1.00000000
"2","Petal.Length", 47, 47,20,1,0.40816327,3,3, 1.00000000,27.00000000,20.00000000, 0.00000000, 0.57446809, 0.42553191, 0.00000000, 0.47000000
"4","<leaf>", 27, 27, 0,1,0.00000000,0,0, 1.00000000,27.00000000, 0.00000000, 0.00000000, 1.00000000, 0.00000000, 0.00000000, 0.27000000
"5","<leaf>", 20, 20, 0,2,0.00000000,0,0, 2.00000000, 0.00000000,20.00000000, 0.00000000, 0.00000000, 1.00000000, 0.00000000, 0.20000000
"3","Petal.Width", 53, 53, 2,3,0.02040816,3,1, 3.00000000, 0.00000000, 2.00000000,51.00000000, 0.00000000, 0.03773585, 0.96226415, 0.53000000
"6","Sepal.Length",  5,  5, 2,3,0.02040816,3,2, 3.00000000, 0.00000000, 2.00000000, 3.00000000, 0.00000000, 0.40000000, 0.60000000, 0.05000000
"12","<leaf>",  2,  2, 0,2,0.00000000,0,0, 2.00000000, 0.00000000, 2.00000000, 0.00000000, 0.00000000, 1.00000000, 0.00000000, 0.02000000
"13","<leaf>",  3,  3, 0,3,0.00000000,0,0, 3.00000000, 0.00000000, 0.00000000, 3.00000000, 0.00000000, 0.00000000, 1.00000000, 0.03000000
"7","<leaf>", 48, 48, 0,3,0.00000000,0,0, 3.00000000, 0.00000000, 0.00000000,48.00000000, 0.00000000, 0.00000000, 1.00000000, 0.48000000
