"","var","n","wt","dev","yval","complexity","ncompete","nsurrogate","yval2.","yval2.","yval2.","yval2.","yval2.","yval2.","yval2.","yval2.nodeprob"
"1","Petal.Length",99,99,50,1,0.54,3,3, 1.00000000,49.00000000,23.00000000,27.00000000, 0.49494949, 0.23232323, 0.27272727, 1.00000000
"2","<leaf>",49,49, 0,1,0.00,0,0, 1.00000000,49.00000000, 0.00000000, 0.00000000, 1.00000000, 0.00000000, 0.00000000, 0.49494949
"3","Petal.Length",50,50,23,3,0.40,3,3, 3.00000000, 0.00000000,23.00000000,27.00000000, 0.00000000, 0.46000000, 0.54000000, 0.50505051
"6","Petal.Width",26,26, 3,2,0.02,3,0, 2.00000000, 0.00000000,23.00000000, 3.00000000, 0.00000000, 0.88461538, 0.11538462, 0.26262626
"12","Petal.Length",23,23, 1,2,0.02,3,0, 2.00000000, 0.00000000,22.00000000, 1.00000000, 0.00000000, 0.95652174, 0.04347826, 0.23232323
"24","<leaf>",22,22, 0,2,0.00,0,0, 2.00000000, 0.00000000,22.00000000, 0.00000000, 0.00000000, 1.00000000, 0.00000000, 0.22222222
"25","<leaf>", 1, 1, 0,3,0.00,0,0, 3.00000000, 0.00000000, 0.00000000, 1.00000000, 0.00000000, 0.00000000, 1.00000000, 0.01010101
"13","Sepal.Length", 3, 3, 1,3,0.02,3,0, 3.00000000, 0.00000000, 1.00000000, 2.00000000, 0.00000000, 0.33333333, 0.66666667, 0.03030303
"26","<leaf>", 1, 1, 0,2,0.00,0,0, 2.00000000, 0.00000000, 1.00000000, 0.00000000, 0.00000000, 1.00000000, 0.00000000, 0.01010101
"27","<leaf>", 2, 2, 0,3,0.00,0,0, 3.00000000, 0.00000000, 0.00000000, 2.00000000, 0.00000000, 0.00000000, 1.00000000, 0.02020202
"7","<leaf>",24,24, 0,3,0.00,0,0, 3.00000000, 0.00000000, 0.00000000,24.00000000, 0.00000000, 0.00000000, 1.00000000, 0.24242424
