"","var","n","wt","dev","yval","complexity","ncompete","nsurrogate","yval2.","yval2.","yval2.","yval2.","yval2.","yval2.","yval2.","yval2.nodeprob"
"1","Petal.Width",100,100,49,2,0.51020408,3,2, 2.00000000,21.00000000,51.00000000,28.00000000, 0.21000000, 0.51000000, 0.28000000, 1.00000000
"2","Petal.Length", 75, 75,24,2,0.42857143,3,3, 2.00000000,21.00000000,51.00000000, 3.00000000, 0.28000000, 0.68000000, 0.04000000, 0.75000000
"4","<leaf>", 21, 21, 0,1,0.00000000,0,0, 1.00000000,21.00000000, 0.00000000, 0.00000000, 1.00000000, 0.00000000, 0.00000000, 0.21000000
"5","Petal.Length", 54, 54, 3,2,0.04081633,3,0, 2.00000000, 0.00000000,51.00000000, 3.00000000, 0.00000000, 0.94444444, 0.05555556, 0.54000000
"10","Sepal.Length", 52, 52, 1,2,0.01020408,3,0, 2.00000000, 0.00000000,51.00000000, 1.00000000, 0.00000000, 0.98076923, 0.01923077, 0.52000000
"20","<leaf>", 50, 50, 0,2,0.00000000,0,0, 2.00000000, 0.00000000,50.00000000, 0.00000000, 0.00000000, 1.00000000, 0.00000000, 0.50000000
"21","Sepal.Width",  2,  2, 1,2,0.01020408,2,0, 2.00000000, 0.00000000, 1.00000000, 1.00000000, 0.00000000, 0.50000000, 0.50000000, 0.02000000
"42","<leaf>",  1,  1, 0,2,0.00000000,0,0, 2.00000000, 0.00000000, 1.00000000, 0.00000000, 0.00000000, 1.00000000, 0.00000000, 0.01000000
"43","<leaf>",  1,  1, 0,3,0.00000000,0,0, 3.00000000, 0.00000000, 0.00000000, 1.00000000, 0.00000000, 0.00000000, 1.00000000, 0.01000000
"11","<leaf>",  2,  2, 0,3,0.00000000,0,0, 3.00000000, 0.00000000, 0.00000000, 2.00000000, 0.00000000, 0.00000000, 1.00000000, 0.02000000
"3","<leaf>", 25, 25, 0,3,0.00000000,0,0, 3.00000000, 0.00000000, 0.00000000,25.00000000, 0.00000000, 0.00000000, 1.00000000, 0.25000000
