"","var","n","wt","dev","yval","complexity","ncompete","nsurrogate","yval2.","yval2.","yval2.","yval2.","yval2.","yval2.","yval2.","yval2.nodeprob"
"1","Petal.Length",99,99,47,2,0.5957447,3,3, 2.00000000,28.00000000,52.00000000,19.00000000, 0.28282828, 0.52525253, 0.19191919, 1.00000000
"2","<leaf>",28,28, 0,1,0.0000000,0,0, 1.00000000,28.00000000, 0.00000000, 0.00000000, 1.00000000, 0.00000000, 0.00000000, 0.28282828
"3","Petal.Length",71,71,19,2,0.3617021,3,3, 2.00000000, 0.00000000,52.00000000,19.00000000, 0.00000000, 0.73239437, 0.26760563, 0.71717172
"6","Petal.Width",52,52, 1,2,0.0106383,3,1, 2.00000000, 0.00000000,51.00000000, 1.00000000, 0.00000000, 0.98076923, 0.01923077, 0.52525253
"12","<leaf>",50,50, 0,2,0.0000000,0,0, 2.00000000, 0.00000000,50.00000000, 0.00000000, 0.00000000, 1.00000000, 0.00000000, 0.50505051
"13","Sepal.Length", 2, 2, 1,2,0.0106383,1,0, 2.00000000, 0.00000000, 1.00000000, 1.00000000, 0.00000000, 0.50000000, 0.50000000, 0.02020202
"26","<leaf>", 1, 1, 0,2,0.0000000,0,0, 2.00000000, 0.00000000, 1.00000000, 0.00000000, 0.00000000, 1.00000000, 0.00000000, 0.01010101
"27","<leaf>", 1, 1, 0,3,0.0000000,0,0, 3.00000000, 0.00000000, 0.00000000, 1.00000000, 0.00000000, 0.00000000, 1.00000000, 0.01010101
"7","Petal.Width",19,19, 1,3,0.0106383,3,0, 3.00000000, 0.00000000, 1.00000000,18.00000000, 0.00000000, 0.05263158, 0.94736842, 0.19191919
"14","Sepal.Length", 3, 3, 1,3,0.0106383,3,0, 3.00000000, 0.00000000, 1.00000000, 2.00000000, 0.00000000, 0.33333333, 0.66666667, 0.03030303
"28","<leaf>", 1, 1, 0,2,0.0000000,0,0, 2.00000000, 0.00000000, 1.00000000, 0.00000000, 0.00000000, 1.00000000, 0.00000000, 0.01010101
"29","<leaf>", 2, 2, 0,3,0.0000000,0,0, 3.00000000, 0.00000000, 0.00000000, 2.00000000, 0.00000000, 0.00000000, 1.00000000, 0.02020202
"15","<leaf>",16,16, 0,3,0.0000000,0,0, 3.00000000, 0.00000000, 0.00000000,16.00000000, 0.00000000, 0.00000000, 1.00000000, 0.16161616
