"","var","n","wt","dev","yval","complexity","ncompete","nsurrogate","yval2.","yval2.","yval2.","yval2.","yval2.","yval2.","yval2.","yval2.nodeprob"
"1","Petal.Width",100,100,53,3,0.547169811,3,3, 3.00000000,29.00000000,24.00000000,47.00000000, 0.29000000, 0.24000000, 0.47000000, 1.00000000
"2","Petal.Length", 52, 52,23,1,0.433962264,3,3, 1.00000000,29.00000000,23.00000000, 0.00000000, 0.55769231, 0.44230769, 0.00000000, 0.52000000
"4","<leaf>", 29, 29, 0,1,0.000000000,0,0, 1.00000000,29.00000000, 0.00000000, 0.00000000, 1.00000000, 0.00000000, 0.00000000, 0.29000000
"5","<leaf>", 23, 23, 0,2,0.000000000,0,0, 2.00000000, 0.00000000,23.00000000, 0.00000000, 0.00000000, 1.00000000, 0.00000000, 0.23000000
"3","Petal.Width", 48, 48, 1,3,0.009433962,3,0, 3.00000000, 0.00000000, 1.00000000,47.00000000, 0.00000000, 0.02083333, 0.97916667, 0.48000000
"6","Sepal.Length",  2,  2, 1,2,0.009433962,2,0, 2.00000000, 0.00000000, 1.00000000, 1.00000000, 0.00000000, 0.50000000, 0.50000000, 0.02000000
"12","<leaf>",  1,  1, 0,2,0.000000000,0,0, 2.00000000, 0.00000000, 1.00000000, 0.00000000, 0.00000000, 1.00000000, 0.00000000, 0.01000000
"13","<leaf>",  1,  1, 0,3,0.000000000,0,0, 3.00000000, 0.00000000, 0.00000000, 1.00000000, 0.00000000, 0.00000000, 1.00000000, 0.01000000
"7","<leaf>", 46, 46, 0,3,0.000000000,0,0, 3.00000000, 0.00000000, 0.00000000,46.00000000, 0.00000000, 0.00000000, 1.00000000, 0.46000000
