"","var","n","wt","dev","yval","complexity","ncompete","nsurrogate","yval2.","yval2.","yval2.","yval2.","yval2.","yval2.","yval2.","yval2.nodeprob"
"1","Petal.Length",100,100,53,3,0.49056604,3,3, 3.00000000,27.00000000,26.00000000,47.00000000, 0.27000000, 0.26000000, 0.47000000, 1.00000000
"2","Petal.Length", 51, 51,24,1,0.43396226,3,3, 1.00000000,27.00000000,23.00000000, 1.00000000, 0.52941176, 0.45098039, 0.01960784, 0.51000000
"4","<leaf>", 27, 27, 0,1,0.00000000,0,0, 1.00000000,27.00000000, 0.00000000, 0.00000000, 1.00000000, 0.00000000, 0.00000000, 0.27000000
"5","Petal.Width", 24, 24, 1,2,0.01886792,3,0, 2.00000000, 0.00000000,23.00000000, 1.00000000, 0.00000000, 0.95833333, 0.04166667, 0.24000000
"10","<leaf>", 23, 23, 0,2,0.00000000,0,0, 2.00000000, 0.00000000,23.00000000, 0.00000000, 0.00000000, 1.00000000, 0.00000000, 0.23000000
"11","<leaf>",  1,  1, 0,3,0.00000000,0,0, 3.00000000, 0.00000000, 0.00000000, 1.00000000, 0.00000000, 0.00000000, 1.00000000, 0.01000000
"3","Petal.Width", 49, 49, 3,3,0.01886792,3,0, 3.00000000, 0.00000000, 3.00000000,46.00000000, 0.00000000, 0.06122449, 0.93877551, 0.49000000
"6","Petal.Length",  6,  6, 3,2,0.01886792,3,2, 2.00000000, 0.00000000, 3.00000000, 3.00000000, 0.00000000, 0.50000000, 0.50000000, 0.06000000
"12","<leaf>",  2,  2, 0,2,0.00000000,0,0, 2.00000000, 0.00000000, 2.00000000, 0.00000000, 0.00000000, 1.00000000, 0.00000000, 0.02000000
"13","Sepal.Length",  4,  4, 1,3,0.01886792,3,0, 3.00000000, 0.00000000, 1.00000000, 3.00000000, 0.00000000, 0.25000000, 0.75000000, 0.04000000
"26","<leaf>",  1,  1, 0,2,0.00000000,0,0, 2.00000000, 0.00000000, 1.00000000, 0.00000000, 0.00000000, 1.00000000, 0.00000000, 0.01000000
"27","<leaf>",  3,  3, 0,3,0.00000000,0,0, 3.00000000, 0.00000000, 0.00000000, 3.00000000, 0.00000000, 0.00000000, 1.00000000, 0.03000000
"7","<leaf>", 43, 43, 0,3,0.00000000,0,0, 3.00000000, 0.00000000, 0.00000000,43.00000000, 0.00000000, 0.00000000, 1.00000000, 0.43000000
