"","var","n","wt","dev","yval","complexity","ncompete","nsurrogate","yval2.","yval2.","yval2.","yval2.","yval2.","yval2.","yval2.","yval2.nodeprob"
"1","Petal.Length",99,99,48,2,0.52083333,3,3, 2.00000000,25.00000000,51.00000000,23.00000000, 0.25252525, 0.51515152, 0.23232323, 1.00000000
"2","<leaf>",25,25, 0,1,0.00000000,0,0, 1.00000000,25.00000000, 0.00000000, 0.00000000, 1.00000000, 0.00000000, 0.00000000, 0.25252525
"3","Petal.Length",74,74,23,2,0.41666667,3,3, 2.00000000, 0.00000000,51.00000000,23.00000000, 0.00000000, 0.68918919, 0.31081081, 0.74747475
"6","Petal.Width",50,50, 1,2,0.02083333,3,0, 2.00000000, 0.00000000,49.00000000, 1.00000000, 0.00000000, 0.98000000, 0.02000000, 0.50505051
"12","<leaf>",49,49, 0,2,0.00000000,0,0, 2.00000000, 0.00000000,49.00000000, 0.00000000, 0.00000000, 1.00000000, 0.00000000, 0.49494949
"13","<leaf>", 1, 1, 0,3,0.00000000,0,0, 3.00000000, 0.00000000, 0.00000000, 1.00000000, 0.00000000, 0.00000000, 1.00000000, 0.01010101
"7","Petal.Width",24,24, 2,3,0.01041667,3,0, 3.00000000, 0.00000000, 2.00000000,22.00000000, 0.00000000, 0.08333333, 0.91666667, 0.24242424
"14","Sepal.Width", 5, 5, 2,3,0.01041667,3,0, 3.00000000, 0.00000000, 2.00000000, 3.00000000, 0.00000000, 0.40000000, 0.60000000, 0.05050505
"28","<leaf>", 1, 1, 0,2,0.00000000,0,0, 2.00000000, 0.00000000, 1.00000000, 0.00000000, 0.00000000, 1.00000000, 0.00000000, 0.01010101
"29","Sepal.Length", 4, 4, 1,3,0.01041667,3,1, 3.00000000, 0.00000000, 1.00000000, 3.00000000, 0.00000000, 0.25000000, 0.75000000, 0.04040404
"58","Sepal.Width", 2, 2, 1,2,0.01041667,2,0, 2.00000000, 0.00000000, 1.00000000, 1.00000000, 0.00000000, 0.50000000, 0.50000000, 0.02020202
"116","<leaf>", 1, 1, 0,2,0.00000000,0,0, 2.00000000, 0.00000000, 1.00000000, 0.00000000, 0.00000000, 1.00000000, 0.00000000, 0.01010101
"117","<leaf>", 1, 1, 0,3,0.00000000,0,0, 3.00000000, 0.00000000, 0.00000000, 1.00000000, 0.00000000, 0.00000000, 1.00000000, 0.01010101
"59","<leaf>", 2, 2, 0,3,0.00000000,0,0, 3.00000000, 0.00000000, 0.00000000, 2.00000000, 0.00000000, 0.00000000, 1.00000000, 0.02020202
"15","<leaf>",19,19, 0,3,0.00000000,0,0, 3.00000000, 0.00000000, 0.00000000,19.00000000, 0.00000000, 0.00000000, 1.00000000, 0.19191919
