"","var","n","wt","dev","yval","complexity","ncompete","nsurrogate","yval2.","yval2.","yval2.","yval2.","yval2.","yval2.","yval2.","yval2.nodeprob"
"1","Petal.Length",100,100,46,2,0.50000000,3,3, 2.00000000,23.00000000,54.00000000,23.00000000, 0.23000000, 0.54000000, 0.23000000, 1.00000000
"2","<leaf>", 23, 23, 0,1,0.00000000,0,0, 1.00000000,23.00000000, 0.00000000, 0.00000000, 1.00000000, 0.00000000, 0.00000000, 0.23000000
"3","Petal.Length", 77, 77,23,2,0.47826087,3,3, 2.00000000, 0.00000000,54.00000000,23.00000000, 0.00000000, 0.70129870, 0.29870130, 0.77000000
"6","<leaf>", 53, 53, 0,2,0.00000000,0,0, 2.00000000, 0.00000000,53.00000000, 0.00000000, 0.00000000, 1.00000000, 0.00000000, 0.53000000
"7","Petal.Length", 24, 24, 1,3,0.01086957,3,0, 3.00000000, 0.00000000, 1.00000000,23.00000000, 0.00000000, 0.04166667, 0.95833333, 0.24000000
"14","Sepal.Length",  2,  2, 1,2,0.01086957,2,0, 2.00000000, 0.00000000, 1.00000000, 1.00000000, 0.00000000, 0.50000000, 0.50000000, 0.02000000
"28","<leaf>",  1,  1, 0,2,0.00000000,0,0, 2.00000000, 0.00000000, 1.00000000, 0.00000000, 0.00000000, 1.00000000, 0.00000000, 0.01000000
"29","<leaf>",  1,  1, 0,3,0.00000000,0,0, 3.00000000, 0.00000000, 0.00000000, 1.00000000, 0.00000000, 0.00000000, 1.00000000, 0.01000000
"15","<leaf>", 22, 22, 0,3,0.00000000,0,0, 3.00000000, 0.00000000, 0.00000000,22.00000000, 0.00000000, 0.00000000, 1.00000000, 0.22000000
