"","var","n","wt","dev","yval","complexity","ncompete","nsurrogate","yval2.","yval2.","yval2.","yval2.","yval2.","yval2.","yval2.","yval2.nodeprob"
"1","Petal.Length",100,100,46,2,0.50000000,3,3, 2.00000000,23.00000000,54.00000000,23.00000000, 0.23000000, 0.54000000, 0.23000000, 1.00000000
"2","<leaf>", 23, 23, 0,1,0.00000000,0,0, 1.00000000,23.00000000, 0.00000000, 0.00000000, 1.00000000, 0.00000000, 0.00000000, 0.23000000
"3","Petal.Width", 77, 77,23,2,0.43478261,3,3, 2.00000000, 0.00000000,54.00000000,23.00000000, 0.00000000, 0.70129870, 0.29870130, 0.77000000
"6","Petal.Length", 53, 53, 1,2,0.02173913,3,0, 2.00000000, 0.00000000,52.00000000, 1.00000000, 0.00000000, 0.98113208, 0.01886792, 0.53000000
"12","<leaf>", 52, 52, 0,2,0.00000000,0,0, 2.00000000, 0.00000000,52.00000000, 0.00000000, 0.00000000, 1.00000000, 0.00000000, 0.52000000
"13","<leaf>",  1,  1, 0,3,0.00000000,0,0, 3.00000000, 0.00000000, 0.00000000, 1.00000000, 0.00000000, 0.00000000, 1.00000000, 0.01000000
"7","Petal.Length", 24, 24, 2,3,0.01086957,3,3, 3.00000000, 0.00000000, 2.00000000,22.00000000, 0.00000000, 0.08333333, 0.91666667, 0.24000000
"14","Sepal.Width",  7,  7, 2,3,0.01086957,3,1, 3.00000000, 0.00000000, 2.00000000, 5.00000000, 0.00000000, 0.28571429, 0.71428571, 0.07000000
"28","Sepal.Length",  3,  3, 1,2,0.01086957,3,0, 2.00000000, 0.00000000, 2.00000000, 1.00000000, 0.00000000, 0.66666667, 0.33333333, 0.03000000
"56","<leaf>",  1,  1, 0,2,0.00000000,0,0, 2.00000000, 0.00000000, 1.00000000, 0.00000000, 0.00000000, 1.00000000, 0.00000000, 0.01000000
"57","Sepal.Length",  2,  2, 1,2,0.01086957,2,0, 2.00000000, 0.00000000, 1.00000000, 1.00000000, 0.00000000, 0.50000000, 0.50000000, 0.02000000
"114","<leaf>",  1,  1, 0,2,0.00000000,0,0, 2.00000000, 0.00000000, 1.00000000, 0.00000000, 0.00000000, 1.00000000, 0.00000000, 0.01000000
"115","<leaf>",  1,  1, 0,3,0.00000000,0,0, 3.00000000, 0.00000000, 0.00000000, 1.00000000, 0.00000000, 0.00000000, 1.00000000, 0.01000000
"29","<leaf>",  4,  4, 0,3,0.00000000,0,0, 3.00000000, 0.00000000, 0.00000000, 4.00000000, 0.00000000, 0.00000000, 1.00000000, 0.04000000
"15","<leaf>", 17, 17, 0,3,0.00000000,0,0, 3.00000000, 0.00000000, 0.00000000,17.00000000, 0.00000000, 0.00000000, 1.00000000, 0.17000000
