"","var","n","wt","dev","yval","complexity","ncompete","nsurrogate","yval2.","yval2.","yval2.","yval2.","yval2.","yval2.","yval2.","yval2.nodeprob"
"1","Petal.Length",99,99,47,2,0.5319149,3,3, 2.00000000,25.00000000,52.00000000,22.00000000, 0.25252525, 0.52525253, 0.22222222, 1.00000000
"2","<leaf>",25,25, 0,1,0.0000000,0,0, 1.00000000,25.00000000, 0.00000000, 0.00000000, 1.00000000, 0.00000000, 0.00000000, 0.25252525
"3","Petal.Length",74,74,22,2,0.4042553,3,3, 2.00000000, 0.00000000,52.00000000,22.00000000, 0.00000000, 0.70270270, 0.29729730, 0.74747475
"6","<leaf>",49,49, 0,2,0.0000000,0,0, 2.00000000, 0.00000000,49.00000000, 0.00000000, 0.00000000, 1.00000000, 0.00000000, 0.49494949
"7","Petal.Width",25,25, 3,3,0.0212766,3,0, 3.00000000, 0.00000000, 3.00000000,22.00000000, 0.00000000, 0.12000000, 0.88000000, 0.25252525
"14","Petal.Length", 6, 6, 3,2,0.0212766,3,2, 2.00000000, 0.00000000, 3.00000000, 3.00000000, 0.00000000, 0.50000000, 0.50000000, 0.06060606
"28","<leaf>", 2, 2, 0,2,0.0000000,0,0, 2.00000000, 0.00000000, 2.00000000, 0.00000000, 0.00000000, 1.00000000, 0.00000000, 0.02020202
"29","Sepal.Length", 4, 4, 1,3,0.0212766,3,0, 3.00000000, 0.00000000, 1.00000000, 3.00000000, 0.00000000, 0.25000000, 0.75000000, 0.04040404
"58","<leaf>", 1, 1, 0,2,0.0000000,0,0, 2.00000000, 0.00000000, 1.00000000, 0.00000000, 0.00000000, 1.00000000, 0.00000000, 0.01010101
"59","<leaf>", 3, 3, 0,3,0.0000000,0,0, 3.00000000, 0.00000000, 0.00000000, 3.00000000, 0.00000000, 0.00000000, 1.00000000, 0.03030303
"15","<leaf>",19,19, 0,3,0.0000000,0,0, 3.00000000, 0.00000000, 0.00000000,19.00000000, 0.00000000, 0.00000000, 1.00000000, 0.19191919
