"","var","n","wt","dev","yval","complexity","ncompete","nsurrogate","yval2.","yval2.","yval2.","yval2.","yval2.","yval2.","yval2.","yval2.nodeprob"
"1","Petal.Length",99,99,47,1,0.510638298,3,3, 1.00000000,52.00000000,24.00000000,23.00000000, 0.52525253, 0.24242424, 0.23232323, 1.00000000
"2","<leaf>",52,52, 0,1,0.000000000,0,0, 1.00000000,52.00000000, 0.00000000, 0.00000000, 1.00000000, 0.00000000, 0.00000000, 0.52525253
"3","Petal.Width",47,47,23,2,0.446808511,3,3, 2.00000000, 0.00000000,24.00000000,23.00000000, 0.00000000, 0.51063830, 0.48936170, 0.47474747
"6","Petal.Length",24,24, 1,2,0.021276596,3,0, 2.00000000, 0.00000000,23.00000000, 1.00000000, 0.00000000, 0.95833333, 0.04166667, 0.24242424
"12","<leaf>",23,23, 0,2,0.000000000,0,0, 2.00000000, 0.00000000,23.00000000, 0.00000000, 0.00000000, 1.00000000, 0.00000000, 0.23232323
"13","<leaf>", 1, 1, 0,3,0.000000000,0,0, 3.00000000, 0.00000000, 0.00000000, 1.00000000, 0.00000000, 0.00000000, 1.00000000, 0.01010101
"7","Petal.Width",23,23, 1,3,0.007092199,3,0, 3.00000000, 0.00000000, 1.00000000,22.00000000, 0.00000000, 0.04347826, 0.95652174, 0.23232323
"14","Sepal.Length", 3, 3, 1,3,0.007092199,3,0, 3.00000000, 0.00000000, 1.00000000, 2.00000000, 0.00000000, 0.33333333, 0.66666667, 0.03030303
"28","Sepal.Length", 2, 2, 1,2,0.007092199,2,0, 2.00000000, 0.00000000, 1.00000000, 1.00000000, 0.00000000, 0.50000000, 0.50000000, 0.02020202
"56","<leaf>", 1, 1, 0,2,0.000000000,0,0, 2.00000000, 0.00000000, 1.00000000, 0.00000000, 0.00000000, 1.00000000, 0.00000000, 0.01010101
"57","<leaf>", 1, 1, 0,3,0.000000000,0,0, 3.00000000, 0.00000000, 0.00000000, 1.00000000, 0.00000000, 0.00000000, 1.00000000, 0.01010101
"29","<leaf>", 1, 1, 0,3,0.000000000,0,0, 3.00000000, 0.00000000, 0.00000000, 1.00000000, 0.00000000, 0.00000000, 1.00000000, 0.01010101
"15","<leaf>",20,20, 0,3,0.000000000,0,0, 3.00000000, 0.00000000, 0.00000000,20.00000000, 0.00000000, 0.00000000, 1.00000000, 0.20202020
