"","var","n","wt","dev","yval","complexity","ncompete","nsurrogate","yval2.","yval2.","yval2.","yval2.","yval2.","yval2.","yval2.","yval2.nodeprob"
"1","Petal.Length",99,99,46,2,0.52173913,3,3, 2.00000000,24.00000000,53.00000000,22.00000000, 0.24242424, 0.53535354, 0.22222222, 1.00000000
"2","<leaf>",24,24, 0,1,0.00000000,0,0, 1.00000000,24.00000000, 0.00000000, 0.00000000, 1.00000000, 0.00000000, 0.00000000, 0.24242424
"3","Petal.Length",75,75,22,2,0.39130435,3,3, 2.00000000, 0.00000000,53.00000000,22.00000000, 0.00000000, 0.70666667, 0.29333333, 0.75757576
"6","Petal.Width",53,53, 2,2,0.02173913,3,1, 2.00000000, 0.00000000,51.00000000, 2.00000000, 0.00000000, 0.96226415, 0.03773585, 0.53535354
"12","<leaf>",50,50, 0,2,0.00000000,0,0, 2.00000000, 0.00000000,50.00000000, 0.00000000, 0.00000000, 1.00000000, 0.00000000, 0.50505051
"13","Sepal.Width", 3, 3, 1,3,0.02173913,3,0, 3.00000000, 0.00000000, 1.00000000, 2.00000000, 0.00000000, 0.33333333, 0.66666667, 0.03030303
"26","<leaf>", 1, 1, 0,2,0.00000000,0,0, 2.00000000, 0.00000000, 1.00000000, 0.00000000, 0.00000000, 1.00000000, 0.00000000, 0.01010101
"27","<leaf>", 2, 2, 0,3,0.00000000,0,0, 3.00000000, 0.00000000, 0.00000000, 2.00000000, 0.00000000, 0.00000000, 1.00000000, 0.02020202
"7","Petal.Width",22,22, 2,3,0.01449275,3,1, 3.00000000, 0.00000000, 2.00000000,20.00000000, 0.00000000, 0.09090909, 0.90909091, 0.22222222
"14","Sepal.Length", 4, 4, 2,2,0.01449275,3,0, 2.00000000, 0.00000000, 2.00000000, 2.00000000, 0.00000000, 0.50000000, 0.50000000, 0.04040404
"28","<leaf>", 1, 1, 0,2,0.00000000,0,0, 2.00000000, 0.00000000, 1.00000000, 0.00000000, 0.00000000, 1.00000000, 0.00000000, 0.01010101
"29","Petal.Length", 3, 3, 1,3,0.01449275,2,0, 3.00000000, 0.00000000, 1.00000000, 2.00000000, 0.00000000, 0.33333333, 0.66666667, 0.03030303
"58","<leaf>", 1, 1, 0,2,0.00000000,0,0, 2.00000000, 0.00000000, 1.00000000, 0.00000000, 0.00000000, 1.00000000, 0.00000000, 0.01010101
"59","<leaf>", 2, 2, 0,3,0.00000000,0,0, 3.00000000, 0.00000000, 0.00000000, 2.00000000, 0.00000000, 0.00000000, 1.00000000, 0.02020202
"15","<leaf>",18,18, 0,3,0.00000000,0,0, 3.00000000, 0.00000000, 0.00000000,18.00000000, 0.00000000, 0.00000000, 1.00000000, 0.18181818
