"","var","n","wt","dev","yval","complexity","ncompete","nsurrogate","yval2.","yval2.","yval2.","yval2.","yval2.","yval2.","yval2.","yval2.nodeprob"
"1","Petal.Length",99,99,45,1,0.55555556,3,3, 1.00000000,54.00000000,20.00000000,25.00000000, 0.54545455, 0.20202020, 0.25252525, 1.00000000
"2","<leaf>",54,54, 0,1,0.00000000,0,0, 1.00000000,54.00000000, 0.00000000, 0.00000000, 1.00000000, 0.00000000, 0.00000000, 0.54545455
"3","Petal.Length",45,45,20,3,0.40000000,3,3, 3.00000000, 0.00000000,20.00000000,25.00000000, 0.00000000, 0.44444444, 0.55555556, 0.45454545
"6","Sepal.Length",20,20, 1,2,0.01111111,3,0, 2.00000000, 0.00000000,19.00000000, 1.00000000, 0.00000000, 0.95000000, 0.05000000, 0.20202020
"12","<leaf>",18,18, 0,2,0.00000000,0,0, 2.00000000, 0.00000000,18.00000000, 0.00000000, 0.00000000, 1.00000000, 0.00000000, 0.18181818
"13","Sepal.Width", 2, 2, 1,2,0.01111111,2,0, 2.00000000, 0.00000000, 1.00000000, 1.00000000, 0.00000000, 0.50000000, 0.50000000, 0.02020202
"26","<leaf>", 1, 1, 0,2,0.00000000,0,0, 2.00000000, 0.00000000, 1.00000000, 0.00000000, 0.00000000, 1.00000000, 0.00000000, 0.01010101
"27","<leaf>", 1, 1, 0,3,0.00000000,0,0, 3.00000000, 0.00000000, 0.00000000, 1.00000000, 0.00000000, 0.00000000, 1.00000000, 0.01010101
"7","Petal.Width",25,25, 1,3,0.01111111,3,0, 3.00000000, 0.00000000, 1.00000000,24.00000000, 0.00000000, 0.04000000, 0.96000000, 0.25252525
"14","Sepal.Length", 2, 2, 1,2,0.01111111,3,0, 2.00000000, 0.00000000, 1.00000000, 1.00000000, 0.00000000, 0.50000000, 0.50000000, 0.02020202
"28","<leaf>", 1, 1, 0,2,0.00000000,0,0, 2.00000000, 0.00000000, 1.00000000, 0.00000000, 0.00000000, 1.00000000, 0.00000000, 0.01010101
"29","<leaf>", 1, 1, 0,3,0.00000000,0,0, 3.00000000, 0.00000000, 0.00000000, 1.00000000, 0.00000000, 0.00000000, 1.00000000, 0.01010101
"15","<leaf>",23,23, 0,3,0.00000000,0,0, 3.00000000, 0.00000000, 0.00000000,23.00000000, 0.00000000, 0.00000000, 1.00000000, 0.23232323
