"","var","n","wt","dev","yval","complexity","ncompete","nsurrogate","yval2.","yval2.","yval2.","yval2.","yval2.","yval2.","yval2.","yval2.nodeprob"
"1","Petal.Length",99,99,53,1,0.509433962,3,3, 1.00000000,46.00000000,26.00000000,27.00000000, 0.46464646, 0.26262626, 0.27272727, 1.00000000
"2","<leaf>",46,46, 0,1,0.000000000,0,0, 1.00000000,46.00000000, 0.00000000, 0.00000000, 1.00000000, 0.00000000, 0.00000000, 0.46464646
"3","Petal.Length",53,53,26,3,0.415094340,3,3, 3.00000000, 0.00000000,26.00000000,27.00000000, 0.00000000, 0.49056604, 0.50943396, 0.53535354
"6","Petal.Width",28,28, 3,2,0.037735849,3,1, 2.00000000, 0.00000000,25.00000000, 3.00000000, 0.00000000, 0.89285714, 0.10714286, 0.28282828
"12","<leaf>",24,24, 0,2,0.000000000,0,0, 2.00000000, 0.00000000,24.00000000, 0.00000000, 0.00000000, 1.00000000, 0.00000000, 0.24242424
"13","Sepal.Width", 4, 4, 1,3,0.018867925,3,0, 3.00000000, 0.00000000, 1.00000000, 3.00000000, 0.00000000, 0.25000000, 0.75000000, 0.04040404
"26","<leaf>", 1, 1, 0,2,0.000000000,0,0, 2.00000000, 0.00000000, 1.00000000, 0.00000000, 0.00000000, 1.00000000, 0.00000000, 0.01010101
"27","<leaf>", 3, 3, 0,3,0.000000000,0,0, 3.00000000, 0.00000000, 0.00000000, 3.00000000, 0.00000000, 0.00000000, 1.00000000, 0.03030303
"7","Sepal.Length",25,25, 1,3,0.006289308,3,1, 3.00000000, 0.00000000, 1.00000000,24.00000000, 0.00000000, 0.04000000, 0.96000000, 0.25252525
"14","Sepal.Length", 4, 4, 1,3,0.006289308,3,1, 3.00000000, 0.00000000, 1.00000000, 3.00000000, 0.00000000, 0.25000000, 0.75000000, 0.04040404
"28","Sepal.Width", 2, 2, 1,2,0.006289308,2,0, 2.00000000, 0.00000000, 1.00000000, 1.00000000, 0.00000000, 0.50000000, 0.50000000, 0.02020202
"56","<leaf>", 1, 1, 0,2,0.000000000,0,0, 2.00000000, 0.00000000, 1.00000000, 0.00000000, 0.00000000, 1.00000000, 0.00000000, 0.01010101
"57","<leaf>", 1, 1, 0,3,0.000000000,0,0, 3.00000000, 0.00000000, 0.00000000, 1.00000000, 0.00000000, 0.00000000, 1.00000000, 0.01010101
"29","<leaf>", 2, 2, 0,3,0.000000000,0,0, 3.00000000, 0.00000000, 0.00000000, 2.00000000, 0.00000000, 0.00000000, 1.00000000, 0.02020202
"15","<leaf>",21,21, 0,3,0.000000000,0,0, 3.00000000, 0.00000000, 0.00000000,21.00000000, 0.00000000, 0.00000000, 1.00000000, 0.21212121
