"","var","n","wt","dev","yval","complexity","ncompete","nsurrogate","yval2.","yval2.","yval2.","yval2.","yval2.","yval2.","yval2.","yval2.nodeprob"
"1","Petal.Length",100,100,47,1,0.53191489,3,3, 1.00000000,53.00000000,22.00000000,25.00000000, 0.53000000, 0.22000000, 0.25000000, 1.00000000
"2","<leaf>", 53, 53, 0,1,0.00000000,0,0, 1.00000000,53.00000000, 0.00000000, 0.00000000, 1.00000000, 0.00000000, 0.00000000, 0.53000000
"3","Petal.Width", 47, 47,22,3,0.38297872,3,3, 3.00000000, 0.00000000,22.00000000,25.00000000, 0.00000000, 0.46808511, 0.53191489, 0.47000000
"6","Petal.Length", 26, 26, 4,2,0.04255319,3,0, 2.00000000, 0.00000000,22.00000000, 4.00000000, 0.00000000, 0.84615385, 0.15384615, 0.26000000
"12","Sepal.Length", 22, 22, 1,2,0.02127660,3,0, 2.00000000, 0.00000000,21.00000000, 1.00000000, 0.00000000, 0.95454545, 0.04545455, 0.22000000
"24","<leaf>", 21, 21, 0,2,0.00000000,0,0, 2.00000000, 0.00000000,21.00000000, 0.00000000, 0.00000000, 1.00000000, 0.00000000, 0.21000000
"25","<leaf>",  1,  1, 0,3,0.00000000,0,0, 3.00000000, 0.00000000, 0.00000000, 1.00000000, 0.00000000, 0.00000000, 1.00000000, 0.01000000
"13","Petal.Width",  4,  4, 1,3,0.02127660,3,0, 3.00000000, 0.00000000, 1.00000000, 3.00000000, 0.00000000, 0.25000000, 0.75000000, 0.04000000
"26","<leaf>",  1,  1, 0,2,0.00000000,0,0, 2.00000000, 0.00000000, 1.00000000, 0.00000000, 0.00000000, 1.00000000, 0.00000000, 0.01000000
"27","<leaf>",  3,  3, 0,3,0.00000000,0,0, 3.00000000, 0.00000000, 0.00000000, 3.00000000, 0.00000000, 0.00000000, 1.00000000, 0.03000000
"7","<leaf>", 21, 21, 0,3,0.00000000,0,0, 3.00000000, 0.00000000, 0.00000000,21.00000000, 0.00000000, 0.00000000, 1.00000000, 0.21000000
