"","var","n","wt","dev","yval","complexity","ncompete","nsurrogate","yval2.","yval2.","yval2.","yval2.","yval2.","yval2.","yval2.","yval2.nodeprob"
"1","Petal.Width",99,99,48,3,0.47916667,3,3, 3.00000000,21.00000000,27.00000000,51.00000000, 0.21212121, 0.27272727, 0.51515152, 1.00000000
"2","Petal.Length",48,48,23,2,0.43750000,3,3, 2.00000000,21.00000000,25.00000000, 2.00000000, 0.43750000, 0.52083333, 0.04166667, 0.48484848
"4","<leaf>",21,21, 0,1,0.00000000,0,0, 1.00000000,21.00000000, 0.00000000, 0.00000000, 1.00000000, 0.00000000, 0.00000000, 0.21212121
"5","Petal.Length",27,27, 2,2,0.02083333,3,1, 2.00000000, 0.00000000,25.00000000, 2.00000000, 0.00000000, 0.92592593, 0.07407407, 0.27272727
"10","<leaf>",24,24, 0,2,0.00000000,0,0, 2.00000000, 0.00000000,24.00000000, 0.00000000, 0.00000000, 1.00000000, 0.00000000, 0.24242424
"11","Sepal.Length", 3, 3, 1,3,0.02083333,3,0, 3.00000000, 0.00000000, 1.00000000, 2.00000000, 0.00000000, 0.33333333, 0.66666667, 0.03030303
"22","<leaf>", 1, 1, 0,2,0.00000000,0,0, 2.00000000, 0.00000000, 1.00000000, 0.00000000, 0.00000000, 1.00000000, 0.00000000, 0.01010101
"23","<leaf>", 2, 2, 0,3,0.00000000,0,0, 3.00000000, 0.00000000, 0.00000000, 2.00000000, 0.00000000, 0.00000000, 1.00000000, 0.02020202
"3","Sepal.Width",51,51, 2,3,0.01388889,3,3, 3.00000000, 0.00000000, 2.00000000,49.00000000, 0.00000000, 0.03921569, 0.96078431, 0.51515152
"6","Sepal.Length",20,20, 2,3,0.01388889,3,0, 3.00000000, 0.00000000, 2.00000000,18.00000000, 0.00000000, 0.10000000, 0.90000000, 0.20202020
"12","<leaf>", 1, 1, 0,2,0.00000000,0,0, 2.00000000, 0.00000000, 1.00000000, 0.00000000, 0.00000000, 1.00000000, 0.00000000, 0.01010101
"13","Petal.Width",19,19, 1,3,0.01388889,3,0, 3.00000000, 0.00000000, 1.00000000,18.00000000, 0.00000000, 0.05263158, 0.94736842, 0.19191919
"26","<leaf>", 1, 1, 0,2,0.00000000,0,0, 2.00000000, 0.00000000, 1.00000000, 0.00000000, 0.00000000, 1.00000000, 0.00000000, 0.01010101
"27","<leaf>",18,18, 0,3,0.00000000,0,0, 3.00000000, 0.00000000, 0.00000000,18.00000000, 0.00000000, 0.00000000, 1.00000000, 0.18181818
"7","<leaf>",31,31, 0,3,0.00000000,0,0, 3.00000000, 0.00000000, 0.00000000,31.00000000, 0.00000000, 0.00000000, 1.00000000, 0.31313131
