"","var","n","wt","dev","yval","complexity","ncompete","nsurrogate","yval2.","yval2.","yval2.","yval2.","yval2.","yval2.","yval2.","yval2.nodeprob"
"1","Petal.Length",100,100,54,2,0.481481481,3,3, 2.00000000,26.00000000,46.00000000,28.00000000, 0.26000000, 0.46000000, 0.28000000, 1.00000000
"2","<leaf>", 26, 26, 0,1,0.000000000,0,0, 1.00000000,26.00000000, 0.00000000, 0.00000000, 1.00000000, 0.00000000, 0.00000000, 0.26000000
"3","Petal.Width", 74, 74,28,2,0.481481481,3,3, 2.00000000, 0.00000000,46.00000000,28.00000000, 0.00000000, 0.62162162, 0.37837838, 0.74000000
"6","Sepal.Length", 46, 46, 1,2,0.018518519,3,0, 2.00000000, 0.00000000,45.00000000, 1.00000000, 0.00000000, 0.97826087, 0.02173913, 0.46000000
"12","<leaf>", 45, 45, 0,2,0.000000000,0,0, 2.00000000, 0.00000000,45.00000000, 0.00000000, 0.00000000, 1.00000000, 0.00000000, 0.45000000
"13","<leaf>",  1,  1, 0,3,0.000000000,0,0, 3.00000000, 0.00000000, 0.00000000, 1.00000000, 0.00000000, 0.00000000, 1.00000000, 0.01000000
"7","Petal.Length", 28, 28, 1,3,0.009259259,3,0, 3.00000000, 0.00000000, 1.00000000,27.00000000, 0.00000000, 0.03571429, 0.96428571, 0.28000000
"14","Sepal.Length",  3,  3, 1,3,0.009259259,1,0, 3.00000000, 0.00000000, 1.00000000, 2.00000000, 0.00000000, 0.33333333, 0.66666667, 0.03000000
"28","<leaf>",  1,  1, 0,2,0.000000000,0,0, 2.00000000, 0.00000000, 1.00000000, 0.00000000, 0.00000000, 1.00000000, 0.00000000, 0.01000000
"29","<leaf>",  2,  2, 0,3,0.000000000,0,0, 3.00000000, 0.00000000, 0.00000000, 2.00000000, 0.00000000, 0.00000000, 1.00000000, 0.02000000
"15","<leaf>", 25, 25, 0,3,0.000000000,0,0, 3.00000000, 0.00000000, 0.00000000,25.00000000, 0.00000000, 0.00000000, 1.00000000, 0.25000000
