"","var","n","wt","dev","yval","complexity","ncompete","nsurrogate","yval2.","yval2.","yval2.","yval2.","yval2.","yval2.","yval2.","yval2.nodeprob"
"1","Petal.Width",100,100,46,3,0.50000000,3,3, 3.00000000,25.00000000,21.00000000,54.00000000, 0.25000000, 0.21000000, 0.54000000, 1.00000000
"2","Petal.Length", 48, 48,23,1,0.45652174,3,3, 1.00000000,25.00000000,21.00000000, 2.00000000, 0.52083333, 0.43750000, 0.04166667, 0.48000000
"4","<leaf>", 25, 25, 0,1,0.00000000,0,0, 1.00000000,25.00000000, 0.00000000, 0.00000000, 1.00000000, 0.00000000, 0.00000000, 0.25000000
"5","Petal.Length", 23, 23, 2,2,0.02173913,3,0, 2.00000000, 0.00000000,21.00000000, 2.00000000, 0.00000000, 0.91304348, 0.08695652, 0.23000000
"10","<leaf>", 20, 20, 0,2,0.00000000,0,0, 2.00000000, 0.00000000,20.00000000, 0.00000000, 0.00000000, 1.00000000, 0.00000000, 0.20000000
"11","Sepal.Length",  3,  3, 1,3,0.02173913,3,0, 3.00000000, 0.00000000, 1.00000000, 2.00000000, 0.00000000, 0.33333333, 0.66666667, 0.03000000
"22","<leaf>",  1,  1, 0,2,0.00000000,0,0, 2.00000000, 0.00000000, 1.00000000, 0.00000000, 0.00000000, 1.00000000, 0.00000000, 0.01000000
"23","<leaf>",  2,  2, 0,3,0.00000000,0,0, 3.00000000, 0.00000000, 0.00000000, 2.00000000, 0.00000000, 0.00000000, 1.00000000, 0.02000000
"3","<leaf>", 52, 52, 0,3,0.00000000,0,0, 3.00000000, 0.00000000, 0.00000000,52.00000000, 0.00000000, 0.00000000, 1.00000000, 0.52000000
