"","var","n","wt","dev","yval","complexity","ncompete","nsurrogate","yval2.","yval2.","yval2.","yval2.","yval2.","yval2.","yval2.","yval2.nodeprob"
"1","Petal.Length",100,100,53,2,0.49056604,3,3, 2.00000000,26.00000000,47.00000000,27.00000000, 0.26000000, 0.47000000, 0.27000000, 1.00000000
"2","<leaf>", 26, 26, 0,1,0.00000000,0,0, 1.00000000,26.00000000, 0.00000000, 0.00000000, 1.00000000, 0.00000000, 0.00000000, 0.26000000
"3","Petal.Length", 74, 74,27,2,0.43396226,3,3, 2.00000000, 0.00000000,47.00000000,27.00000000, 0.00000000, 0.63513514, 0.36486486, 0.74000000
"6","Petal.Width", 45, 45, 1,2,0.01886792,3,0, 2.00000000, 0.00000000,44.00000000, 1.00000000, 0.00000000, 0.97777778, 0.02222222, 0.45000000
"12","<leaf>", 44, 44, 0,2,0.00000000,0,0, 2.00000000, 0.00000000,44.00000000, 0.00000000, 0.00000000, 1.00000000, 0.00000000, 0.44000000
"13","<leaf>",  1,  1, 0,3,0.00000000,0,0, 3.00000000, 0.00000000, 0.00000000, 1.00000000, 0.00000000, 0.00000000, 1.00000000, 0.01000000
"7","Petal.Width", 29, 29, 3,3,0.01886792,3,0, 3.00000000, 0.00000000, 3.00000000,26.00000000, 0.00000000, 0.10344828, 0.89655172, 0.29000000
"14","Petal.Length",  6,  6, 3,2,0.01886792,3,2, 2.00000000, 0.00000000, 3.00000000, 3.00000000, 0.00000000, 0.50000000, 0.50000000, 0.06000000
"28","<leaf>",  2,  2, 0,2,0.00000000,0,0, 2.00000000, 0.00000000, 2.00000000, 0.00000000, 0.00000000, 1.00000000, 0.00000000, 0.02000000
"29","Sepal.Length",  4,  4, 1,3,0.01886792,3,0, 3.00000000, 0.00000000, 1.00000000, 3.00000000, 0.00000000, 0.25000000, 0.75000000, 0.04000000
"58","<leaf>",  1,  1, 0,2,0.00000000,0,0, 2.00000000, 0.00000000, 1.00000000, 0.00000000, 0.00000000, 1.00000000, 0.00000000, 0.01000000
"59","<leaf>",  3,  3, 0,3,0.00000000,0,0, 3.00000000, 0.00000000, 0.00000000, 3.00000000, 0.00000000, 0.00000000, 1.00000000, 0.03000000
"15","<leaf>", 23, 23, 0,3,0.00000000,0,0, 3.00000000, 0.00000000, 0.00000000,23.00000000, 0.00000000, 0.00000000, 1.00000000, 0.23000000
