"","var","n","wt","dev","yval","complexity","ncompete","nsurrogate","yval2.","yval2.","yval2.","yval2.","yval2.","yval2.","yval2.","yval2.nodeprob"
"1","Petal.Length",99,99,54,1,0.53703704,3,3, 1.00000000,45.00000000,25.00000000,29.00000000, 0.45454545, 0.25252525, 0.29292929, 1.00000000
"2","<leaf>",45,45, 0,1,0.00000000,0,0, 1.00000000,45.00000000, 0.00000000, 0.00000000, 1.00000000, 0.00000000, 0.00000000, 0.45454545
"3","Petal.Width",54,54,25,3,0.42592593,3,3, 3.00000000, 0.00000000,25.00000000,29.00000000, 0.00000000, 0.46296296, 0.53703704, 0.54545455
"6","Petal.Length",27,27, 2,2,0.01851852,3,1, 2.00000000, 0.00000000,25.00000000, 2.00000000, 0.00000000, 0.92592593, 0.07407407, 0.27272727
"12","<leaf>",24,24, 0,2,0.00000000,0,0, 2.00000000, 0.00000000,24.00000000, 0.00000000, 0.00000000, 1.00000000, 0.00000000, 0.24242424
"13","Sepal.Length", 3, 3, 1,3,0.01851852,3,0, 3.00000000, 0.00000000, 1.00000000, 2.00000000, 0.00000000, 0.33333333, 0.66666667, 0.03030303
"26","<leaf>", 1, 1, 0,2,0.00000000,0,0, 2.00000000, 0.00000000, 1.00000000, 0.00000000, 0.00000000, 1.00000000, 0.00000000, 0.01010101
"27","<leaf>", 2, 2, 0,3,0.00000000,0,0, 3.00000000, 0.00000000, 0.00000000, 2.00000000, 0.00000000, 0.00000000, 1.00000000, 0.02020202
"7","<leaf>",27,27, 0,3,0.00000000,0,0, 3.00000000, 0.00000000, 0.00000000,27.00000000, 0.00000000, 0.00000000, 1.00000000, 0.27272727
