"","var","n","wt","dev","yval","complexity","ncompete","nsurrogate","yval2.","yval2.","yval2.","yval2.","yval2.","yval2.","yval2.","yval2.nodeprob"
"1","Petal.Length",100,100,47,1,0.53191489,3,3, 1.00000000,53.00000000,25.00000000,22.00000000, 0.53000000, 0.25000000, 0.22000000, 1.00000000
"2","<leaf>", 53, 53, 0,1,0.00000000,0,0, 1.00000000,53.00000000, 0.00000000, 0.00000000, 1.00000000, 0.00000000, 0.00000000, 0.53000000
"3","Petal.Width", 47, 47,22,2,0.40425532,3,3, 2.00000000, 0.00000000,25.00000000,22.00000000, 0.00000000, 0.53191489, 0.46808511, 0.47000000
"6","Petal.Length", 26, 26, 2,2,0.04255319,3,0, 2.00000000, 0.00000000,24.00000000, 2.00000000, 0.00000000, 0.92307692, 0.07692308, 0.26000000
"12","<leaf>", 24, 24, 0,2,0.00000000,0,0, 2.00000000, 0.00000000,24.00000000, 0.00000000, 0.00000000, 1.00000000, 0.00000000, 0.24000000
"13","<leaf>",  2,  2, 0,3,0.00000000,0,0, 3.00000000, 0.00000000, 0.00000000, 2.00000000, 0.00000000, 0.00000000, 1.00000000, 0.02000000
"7","Petal.Length", 21, 21, 1,3,0.01063830,3,0, 3.00000000, 0.00000000, 1.00000000,20.00000000, 0.00000000, 0.04761905, 0.95238095, 0.21000000
"14","Sepal.Length",  2,  2, 1,2,0.01063830,1,0, 2.00000000, 0.00000000, 1.00000000, 1.00000000, 0.00000000, 0.50000000, 0.50000000, 0.02000000
"28","<leaf>",  1,  1, 0,2,0.00000000,0,0, 2.00000000, 0.00000000, 1.00000000, 0.00000000, 0.00000000, 1.00000000, 0.00000000, 0.01000000
"29","<leaf>",  1,  1, 0,3,0.00000000,0,0, 3.00000000, 0.00000000, 0.00000000, 1.00000000, 0.00000000, 0.00000000, 1.00000000, 0.01000000
"15","<leaf>", 19, 19, 0,3,0.00000000,0,0, 3.00000000, 0.00000000, 0.00000000,19.00000000, 0.00000000, 0.00000000, 1.00000000, 0.19000000
