"","var","n","wt","dev","yval","complexity","ncompete","nsurrogate","yval2.","yval2.","yval2.","yval2.","yval2.","yval2.","yval2.","yval2.nodeprob"
"1","Petal.Length",100,100,50,3,0.500,3,3, 3.00000000,25.00000000,25.00000000,50.00000000, 0.25000000, 0.25000000, 0.50000000, 1.00000000
"2","Petal.Length", 47, 47,22,1,0.440,3,3, 1.00000000,25.00000000,22.00000000, 0.00000000, 0.53191489, 0.46808511, 0.00000000, 0.47000000
"4","<leaf>", 25, 25, 0,1,0.000,0,0, 1.00000000,25.00000000, 0.00000000, 0.00000000, 1.00000000, 0.00000000, 0.00000000, 0.25000000
"5","<leaf>", 22, 22, 0,2,0.000,0,0, 2.00000000, 0.00000000,22.00000000, 0.00000000, 0.00000000, 1.00000000, 0.00000000, 0.22000000
"3","Petal.Width", 53, 53, 3,3,0.015,3,0, 3.00000000, 0.00000000, 3.00000000,50.00000000, 0.00000000, 0.05660377, 0.94339623, 0.53000000
"6","Sepal.Length",  6,  6, 3,2,0.015,3,0, 2.00000000, 0.00000000, 3.00000000, 3.00000000, 0.00000000, 0.50000000, 0.50000000, 0.06000000
"12","Petal.Width",  5,  5, 2,2,0.015,3,1, 2.00000000, 0.00000000, 3.00000000, 2.00000000, 0.00000000, 0.60000000, 0.40000000, 0.05000000
"24","<leaf>",  2,  2, 0,2,0.000,0,0, 2.00000000, 0.00000000, 2.00000000, 0.00000000, 0.00000000, 1.00000000, 0.00000000, 0.02000000
"25","Petal.Length",  3,  3, 1,3,0.015,2,0, 3.00000000, 0.00000000, 1.00000000, 2.00000000, 0.00000000, 0.33333333, 0.66666667, 0.03000000
"50","<leaf>",  1,  1, 0,2,0.000,0,0, 2.00000000, 0.00000000, 1.00000000, 0.00000000, 0.00000000, 1.00000000, 0.00000000, 0.01000000
"51","<leaf>",  2,  2, 0,3,0.000,0,0, 3.00000000, 0.00000000, 0.00000000, 2.00000000, 0.00000000, 0.00000000, 1.00000000, 0.02000000
"13","<leaf>",  1,  1, 0,3,0.000,0,0, 3.00000000, 0.00000000, 0.00000000, 1.00000000, 0.00000000, 0.00000000, 1.00000000, 0.01000000
"7","<leaf>", 47, 47, 0,3,0.000,0,0, 3.00000000, 0.00000000, 0.00000000,47.00000000, 0.00000000, 0.00000000, 1.00000000, 0.47000000
