"","var","n","wt","dev","yval","complexity","ncompete","nsurrogate","yval2.","yval2.","yval2.","yval2.","yval2.","yval2.","yval2.","yval2.nodeprob"
"1","Petal.Length",99,99,48,3,0.50000000,3,3, 3.00000000,24.00000000,24.00000000,51.00000000, 0.24242424, 0.24242424, 0.51515152, 1.00000000
"2","Petal.Length",47,47,23,1,0.47916667,3,3, 1.00000000,24.00000000,23.00000000, 0.00000000, 0.51063830, 0.48936170, 0.00000000, 0.47474747
"4","<leaf>",24,24, 0,1,0.00000000,0,0, 1.00000000,24.00000000, 0.00000000, 0.00000000, 1.00000000, 0.00000000, 0.00000000, 0.24242424
"5","<leaf>",23,23, 0,2,0.00000000,0,0, 2.00000000, 0.00000000,23.00000000, 0.00000000, 0.00000000, 1.00000000, 0.00000000, 0.23232323
"3","Petal.Length",52,52, 1,3,0.01041667,3,0, 3.00000000, 0.00000000, 1.00000000,51.00000000, 0.00000000, 0.01923077, 0.98076923, 0.52525253
"6","Sepal.Length", 2, 2, 1,2,0.01041667,1,0, 2.00000000, 0.00000000, 1.00000000, 1.00000000, 0.00000000, 0.50000000, 0.50000000, 0.02020202
"12","<leaf>", 1, 1, 0,2,0.00000000,0,0, 2.00000000, 0.00000000, 1.00000000, 0.00000000, 0.00000000, 1.00000000, 0.00000000, 0.01010101
"13","<leaf>", 1, 1, 0,3,0.00000000,0,0, 3.00000000, 0.00000000, 0.00000000, 1.00000000, 0.00000000, 0.00000000, 1.00000000, 0.01010101
"7","<leaf>",50,50, 0,3,0.00000000,0,0, 3.00000000, 0.00000000, 0.00000000,50.00000000, 0.00000000, 0.00000000, 1.00000000, 0.50505051
