"","var","n","wt","dev","yval","complexity","ncompete","nsurrogate","yval2.","yval2.","yval2.","yval2.","yval2.","yval2.","yval2.","yval2.nodeprob"
"1","Petal.Width",99,99,48,3,0.50000000,3,3, 3.00000000,20.00000000,28.00000000,51.00000000, 0.20202020, 0.28282828, 0.51515152, 1.00000000
"2","Petal.Length",50,50,23,2,0.41666667,3,3, 2.00000000,20.00000000,27.00000000, 3.00000000, 0.40000000, 0.54000000, 0.06000000, 0.50505051
"4","<leaf>",20,20, 0,1,0.00000000,0,0, 1.00000000,20.00000000, 0.00000000, 0.00000000, 1.00000000, 0.00000000, 0.00000000, 0.20202020
"5","Petal.Length",30,30, 3,2,0.02083333,3,0, 2.00000000, 0.00000000,27.00000000, 3.00000000, 0.00000000, 0.90000000, 0.10000000, 0.30303030
"10","Sepal.Length",27,27, 1,2,0.02083333,3,0, 2.00000000, 0.00000000,26.00000000, 1.00000000, 0.00000000, 0.96296296, 0.03703704, 0.27272727
"20","<leaf>",26,26, 0,2,0.00000000,0,0, 2.00000000, 0.00000000,26.00000000, 0.00000000, 0.00000000, 1.00000000, 0.00000000, 0.26262626
"21","<leaf>", 1, 1, 0,3,0.00000000,0,0, 3.00000000, 0.00000000, 0.00000000, 1.00000000, 0.00000000, 0.00000000, 1.00000000, 0.01010101
"11","Sepal.Length", 3, 3, 1,3,0.02083333,3,0, 3.00000000, 0.00000000, 1.00000000, 2.00000000, 0.00000000, 0.33333333, 0.66666667, 0.03030303
"22","<leaf>", 1, 1, 0,2,0.00000000,0,0, 2.00000000, 0.00000000, 1.00000000, 0.00000000, 0.00000000, 1.00000000, 0.00000000, 0.01010101
"23","<leaf>", 2, 2, 0,3,0.00000000,0,0, 3.00000000, 0.00000000, 0.00000000, 2.00000000, 0.00000000, 0.00000000, 1.00000000, 0.02020202
"3","Sepal.Length",49,49, 1,3,0.01041667,3,0, 3.00000000, 0.00000000, 1.00000000,48.00000000, 0.00000000, 0.02040816, 0.97959184, 0.49494949
"6","Sepal.Length", 4, 4, 1,3,0.01041667,3,0, 3.00000000, 0.00000000, 1.00000000, 3.00000000, 0.00000000, 0.25000000, 0.75000000, 0.04040404
"12","<leaf>", 1, 1, 0,2,0.00000000,0,0, 2.00000000, 0.00000000, 1.00000000, 0.00000000, 0.00000000, 1.00000000, 0.00000000, 0.01010101
"13","<leaf>", 3, 3, 0,3,0.00000000,0,0, 3.00000000, 0.00000000, 0.00000000, 3.00000000, 0.00000000, 0.00000000, 1.00000000, 0.03030303
"7","<leaf>",45,45, 0,3,0.00000000,0,0, 3.00000000, 0.00000000, 0.00000000,45.00000000, 0.00000000, 0.00000000, 1.00000000, 0.45454545
