"","var","n","wt","dev","yval","complexity","ncompete","nsurrogate","yval2.","yval2.","yval2.","yval2.","yval2.","yval2.","yval2.","yval2.nodeprob"
"1","Petal.Length",100,100,47,2,0.5744681,3,3, 2.00000000,27.00000000,53.00000000,20.00000000, 0.27000000, 0.53000000, 0.20000000, 1.00000000
"2","<leaf>", 27, 27, 0,1,0.0000000,0,0, 1.00000000,27.00000000, 0.00000000, 0.00000000, 1.00000000, 0.00000000, 0.00000000, 0.27000000
"3","Petal.Width", 73, 73,20,2,0.3829787,3,3, 2.00000000, 0.00000000,53.00000000,20.00000000, 0.00000000, 0.72602740, 0.27397260, 0.73000000
"6","Petal.Length", 53, 53, 1,2,0.0106383,3,0, 2.00000000, 0.00000000,52.00000000, 1.00000000, 0.00000000, 0.98113208, 0.01886792, 0.53000000
"12","<leaf>", 51, 51, 0,2,0.0000000,0,0, 2.00000000, 0.00000000,51.00000000, 0.00000000, 0.00000000, 1.00000000, 0.00000000, 0.51000000
"13","Sepal.Length",  2,  2, 1,2,0.0106383,2,0, 2.00000000, 0.00000000, 1.00000000, 1.00000000, 0.00000000, 0.50000000, 0.50000000, 0.02000000
"26","<leaf>",  1,  1, 0,2,0.0000000,0,0, 2.00000000, 0.00000000, 1.00000000, 0.00000000, 0.00000000, 1.00000000, 0.00000000, 0.01000000
"27","<leaf>",  1,  1, 0,3,0.0000000,0,0, 3.00000000, 0.00000000, 0.00000000, 1.00000000, 0.00000000, 0.00000000, 1.00000000, 0.01000000
"7","Petal.Length", 20, 20, 1,3,0.0106383,3,0, 3.00000000, 0.00000000, 1.00000000,19.00000000, 0.00000000, 0.05000000, 0.95000000, 0.20000000
"14","Sepal.Width",  3,  3, 1,3,0.0106383,3,0, 3.00000000, 0.00000000, 1.00000000, 2.00000000, 0.00000000, 0.33333333, 0.66666667, 0.03000000
"28","<leaf>",  1,  1, 0,2,0.0000000,0,0, 2.00000000, 0.00000000, 1.00000000, 0.00000000, 0.00000000, 1.00000000, 0.00000000, 0.01000000
"29","<leaf>",  2,  2, 0,3,0.0000000,0,0, 3.00000000, 0.00000000, 0.00000000, 2.00000000, 0.00000000, 0.00000000, 1.00000000, 0.02000000
"15","<leaf>", 17, 17, 0,3,0.0000000,0,0, 3.00000000, 0.00000000, 0.00000000,17.00000000, 0.00000000, 0.00000000, 1.00000000, 0.17000000
