"","var","n","wt","dev","yval","complexity","ncompete","nsurrogate","yval2.","yval2.","yval2.","yval2.","yval2.","yval2.","yval2.","yval2.nodeprob"
"1","Petal.Length",99,99,49,1,0.57142857,3,3, 1.00000000,50.00000000,28.00000000,21.00000000, 0.50505051, 0.28282828, 0.21212121, 1.00000000
"2","<leaf>",50,50, 0,1,0.00000000,0,0, 1.00000000,50.00000000, 0.00000000, 0.00000000, 1.00000000, 0.00000000, 0.00000000, 0.50505051
"3","Petal.Length",49,49,21,2,0.38775510,3,3, 2.00000000, 0.00000000,28.00000000,21.00000000, 0.00000000, 0.57142857, 0.42857143, 0.49494949
"6","<leaf>",26,26, 0,2,0.00000000,0,0, 2.00000000, 0.00000000,26.00000000, 0.00000000, 0.00000000, 1.00000000, 0.00000000, 0.26262626
"7","Petal.Width",23,23, 2,3,0.01360544,3,0, 3.00000000, 0.00000000, 2.00000000,21.00000000, 0.00000000, 0.08695652, 0.91304348, 0.23232323
"14","Sepal.Length", 5, 5, 2,3,0.01360544,3,2, 3.00000000, 0.00000000, 2.00000000, 3.00000000, 0.00000000, 0.40000000, 0.60000000, 0.05050505
"28","Sepal.Length", 3, 3, 1,2,0.01360544,3,0, 2.00000000, 0.00000000, 2.00000000, 1.00000000, 0.00000000, 0.66666667, 0.33333333, 0.03030303
"56","<leaf>", 2, 2, 0,2,0.00000000,0,0, 2.00000000, 0.00000000, 2.00000000, 0.00000000, 0.00000000, 1.00000000, 0.00000000, 0.02020202
"57","<leaf>", 1, 1, 0,3,0.00000000,0,0, 3.00000000, 0.00000000, 0.00000000, 1.00000000, 0.00000000, 0.00000000, 1.00000000, 0.01010101
"29","<leaf>", 2, 2, 0,3,0.00000000,0,0, 3.00000000, 0.00000000, 0.00000000, 2.00000000, 0.00000000, 0.00000000, 1.00000000, 0.02020202
"15","<leaf>",18,18, 0,3,0.00000000,0,0, 3.00000000, 0.00000000, 0.00000000,18.00000000, 0.00000000, 0.00000000, 1.00000000, 0.18181818
