"","var","n","wt","dev","yval","complexity","ncompete","nsurrogate","yval2.","yval2.","yval2.","yval2.","yval2.","yval2.","yval2.","yval2.nodeprob"
"1","Petal.Length",100,100,52,1,0.55769231,3,3, 1.0000000,48.0000000,23.0000000,29.0000000, 0.4800000, 0.2300000, 0.2900000, 1.0000000
"2","<leaf>", 48, 48, 0,1,0.00000000,0,0, 1.0000000,48.0000000, 0.0000000, 0.0000000, 1.0000000, 0.0000000, 0.0000000, 0.4800000
"3","Petal.Length", 52, 52,23,3,0.38461538,3,3, 3.0000000, 0.0000000,23.0000000,29.0000000, 0.0000000, 0.4423077, 0.5576923, 0.5200000
"6","<leaf>", 20, 20, 0,2,0.00000000,0,0, 2.0000000, 0.0000000,20.0000000, 0.0000000, 0.0000000, 1.0000000, 0.0000000, 0.2000000
"7","Petal.Width", 32, 32, 3,3,0.01442308,3,0, 3.0000000, 0.0000000, 3.0000000,29.0000000, 0.0000000, 0.0937500, 0.9062500, 0.3200000
"14","Sepal.Width",  7,  7, 3,3,0.01442308,3,1, 3.0000000, 0.0000000, 3.0000000, 4.0000000, 0.0000000, 0.4285714, 0.5714286, 0.0700000
"28","Petal.Length",  5,  5, 2,2,0.01442308,3,2, 2.0000000, 0.0000000, 3.0000000, 2.0000000, 0.0000000, 0.6000000, 0.4000000, 0.0500000
"56","<leaf>",  2,  2, 0,2,0.00000000,0,0, 2.0000000, 0.0000000, 2.0000000, 0.0000000, 0.0000000, 1.0000000, 0.0000000, 0.0200000
"57","Sepal.Length",  3,  3, 1,3,0.01442308,3,0, 3.0000000, 0.0000000, 1.0000000, 2.0000000, 0.0000000, 0.3333333, 0.6666667, 0.0300000
"114","<leaf>",  1,  1, 0,2,0.00000000,0,0, 2.0000000, 0.0000000, 1.0000000, 0.0000000, 0.0000000, 1.0000000, 0.0000000, 0.0100000
"115","<leaf>",  2,  2, 0,3,0.00000000,0,0, 3.0000000, 0.0000000, 0.0000000, 2.0000000, 0.0000000, 0.0000000, 1.0000000, 0.0200000
"29","<leaf>",  2,  2, 0,3,0.00000000,0,0, 3.0000000, 0.0000000, 0.0000000, 2.0000000, 0.0000000, 0.0000000, 1.0000000, 0.0200000
"15","<leaf>", 25, 25, 0,3,0.00000000,0,0, 3.0000000, 0.0000000, 0.0000000,25.0000000, 0.0000000, 0.0000000, 1.0000000, 0.2500000
