"","var","n","wt","dev","yval","complexity","ncompete","nsurrogate","yval2.","yval2.","yval2.","yval2.","yval2.","yval2.","yval2.","yval2.nodeprob"
"1","Petal.Length",100,100,53,1,0.54716981,3,3, 1.00000000,47.00000000,29.00000000,24.00000000, 0.47000000, 0.29000000, 0.24000000, 1.00000000
"2","<leaf>", 47, 47, 0,1,0.00000000,0,0, 1.00000000,47.00000000, 0.00000000, 0.00000000, 1.00000000, 0.00000000, 0.00000000, 0.47000000
"3","Petal.Width", 53, 53,24,2,0.39622642,3,3, 2.00000000, 0.00000000,29.00000000,24.00000000, 0.00000000, 0.54716981, 0.45283019, 0.53000000
"6","Petal.Length", 32, 32, 3,2,0.01886792,3,0, 2.00000000, 0.00000000,29.00000000, 3.00000000, 0.00000000, 0.90625000, 0.09375000, 0.32000000
"12","Sepal.Length", 29, 29, 1,2,0.01886792,3,0, 2.00000000, 0.00000000,28.00000000, 1.00000000, 0.00000000, 0.96551724, 0.03448276, 0.29000000
"24","<leaf>", 28, 28, 0,2,0.00000000,0,0, 2.00000000, 0.00000000,28.00000000, 0.00000000, 0.00000000, 1.00000000, 0.00000000, 0.28000000
"25","<leaf>",  1,  1, 0,3,0.00000000,0,0, 3.00000000, 0.00000000, 0.00000000, 1.00000000, 0.00000000, 0.00000000, 1.00000000, 0.01000000
"13","Petal.Width",  3,  3, 1,3,0.01886792,3,0, 3.00000000, 0.00000000, 1.00000000, 2.00000000, 0.00000000, 0.33333333, 0.66666667, 0.03000000
"26","<leaf>",  1,  1, 0,2,0.00000000,0,0, 2.00000000, 0.00000000, 1.00000000, 0.00000000, 0.00000000, 1.00000000, 0.00000000, 0.01000000
"27","<leaf>",  2,  2, 0,3,0.00000000,0,0, 3.00000000, 0.00000000, 0.00000000, 2.00000000, 0.00000000, 0.00000000, 1.00000000, 0.02000000
"7","<leaf>", 21, 21, 0,3,0.00000000,0,0, 3.00000000, 0.00000000, 0.00000000,21.00000000, 0.00000000, 0.00000000, 1.00000000, 0.21000000
