"","count","ncat","improve","index","adj"
"Petal.Length",99,-1,37.0324989020641,2.45,0
"Petal.Width",99,-1,37.0324989020641,0.7,0
"Sepal.Length",99,-1,23.8123783607655,5.75,0
"Sepal.Width",99,1,18.6858585858586,3.35,0
"Petal.Width",0,-1,1,0.7,1
"Sepal.Length",0,-1,0.888888888888889,5.75,0.760869565217391
"Sepal.Width",0,1,0.848484848484849,3.35,0.673913043478261
"Petal.Width",46,-1,19.1739130434783,1.65,0
"Petal.Length",46,-1,17.233779264214,4.75,0
"Sepal.Width",46,-1,2.5879917184265,2.45,0
"Sepal.Length",46,-1,2.33828207847296,7.1,0
"Petal.Length",0,-1,0.891304347826087,4.75,0.782608695652174
"Sepal.Length",0,-1,0.673913043478261,6.35,0.347826086956522
"Sepal.Width",0,-1,0.608695652173913,2.95,0.217391304347826
"Petal.Length",23,-1,3.65217391304348,5,0
"Sepal.Width",23,1,0.379446640316207,2.85,0
"Sepal.Length",23,-1,0.318840579710146,6.05,0
"Petal.Width",23,-1,0.267558528428095,1.35,0
