"","count","ncat","improve","index","adj"
"Petal.Width",100,-1,33.1187755102041,1.75,0
"Petal.Length",100,-1,31.5468831168831,4.75,0
"Sepal.Length",100,-1,19.0182352941177,5.75,0
"Sepal.Width",100,1,9.65450980392158,3.35,0
"Petal.Length",0,-1,0.95,4.75,0.897959183673469
"Sepal.Length",0,-1,0.81,5.75,0.612244897959184
"Sepal.Width",0,1,0.68,2.85,0.346938775510204
"Petal.Length",49,-1,21.7040816326531,2.6,0
"Petal.Width",49,-1,21.7040816326531,0.7,0
"Sepal.Length",49,-1,13.2436806301468,5.4,0
"Sepal.Width",49,1,8.22122448979591,3.05,0
"Petal.Width",0,-1,1,0.7,1
"Sepal.Length",0,-1,0.877551020408163,5.4,0.714285714285714
"Sepal.Width",0,1,0.816326530612245,3.05,0.571428571428572
"Sepal.Length",28,-1,1.65343915343915,7.1,0
"Petal.Length",28,-1,1.65343915343915,5.45,0
"Petal.Width",28,-1,0.857142857142856,1.45,0
"Sepal.Width",28,1,0.664835164835164,2.25,0
"Sepal.Length",27,1,0.783703703703703,5.2,0
"Sepal.Width",27,1,0.783703703703703,2.25,0
"Petal.Width",27,-1,0.783703703703703,1.65,0
"Petal.Length",27,-1,0.453703703703705,4.95,0
"Sepal.Width",25,1,0.920000000000001,2.25,0
"Petal.Length",25,-1,0.586666666666667,4.95,0
"Petal.Width",25,-1,0.120000000000001,1.45,0
"Sepal.Length",25,-1,0.0628571428571441,5.95,0
"Petal.Length",2,-1,1,4.5,0
"Petal.Width",2,-1,1,1.25,0
"Sepal.Width",2,-1,1,2.45,0
"Petal.Length",2,-1,1,3.9,0
"Petal.Width",2,-1,1,1.35,0
