"","count","ncat","improve","index","adj"
"Petal.Length",100,-1,32.3738028169014,2.45,0
"Petal.Width",100,-1,32.3738028169014,0.8,0
"Sepal.Width",100,1,21.7056565656566,2.95,0
"Sepal.Length",100,-1,20.9644039270687,5.45,0
"Petal.Width",0,-1,1,0.8,1
"Sepal.Length",0,-1,0.92,5.45,0.724137931034483
"Sepal.Width",0,1,0.89,3.35,0.620689655172414
"Petal.Width",71,-1,28.4531537048377,1.65,0
"Petal.Length",71,-1,26.4979226005383,4.95,0
"Sepal.Length",71,-1,13.5160288329302,6.15,0
"Sepal.Width",71,-1,10.559069300499,2.95,0
"Petal.Length",0,-1,0.957746478873239,4.95,0.869565217391304
"Sepal.Width",0,-1,0.845070422535211,2.95,0.521739130434783
"Sepal.Length",0,-1,0.830985915492958,6.15,0.478260869565217
"Petal.Length",23,-1,0.913043478260869,4.9,0
"Sepal.Length",23,-1,0.413043478260869,6.05,0
"Petal.Width",23,-1,0.313043478260869,1.85,0
"Sepal.Width",23,1,0.135265700483093,3.15,0
"Sepal.Length",2,1,1,5.4,0
"Sepal.Width",2,1,1,2.85,0
"Petal.Length",2,1,1,4.65,0
"Petal.Width",2,1,1,1.75,0
