"","count","ncat","improve","index","adj"
"Petal.Length",100,-1,37.5282352941176,2.45,0
"Petal.Width",100,-1,37.5282352941176,0.7,0
"Sepal.Length",100,-1,29.3273549419768,5.55,0
"Sepal.Width",100,1,13.2476923076923,2.95,0
"Petal.Width",0,-1,1,0.7,1
"Sepal.Length",0,-1,0.94,5.45,0.877551020408163
"Sepal.Width",0,1,0.75,2.95,0.489795918367347
"Petal.Width",51,-1,19.8086877828054,1.65,0
"Petal.Length",51,-1,18.18407239819,4.95,0
"Sepal.Length",51,-1,4.41176470588235,6.25,0
"Sepal.Width",51,-1,1.2562091503268,3.25,0
"Petal.Length",0,-1,0.882352941176471,4.75,0.76
"Sepal.Length",0,-1,0.686274509803922,6.15,0.36
"Sepal.Width",0,-1,0.627450980392157,2.95,0.24
"Petal.Length",25,-1,2.34666666666667,4.95,0
"Sepal.Length",25,-1,1.76333333333333,7.1,0
"Petal.Width",25,-1,0.568888888888888,1.45,0
"Sepal.Width",25,1,0.437575757575757,2.3,0
"Petal.Width",0,-1,0.92,1.55,0.333333333333334
"Sepal.Length",3,-1,0.333333333333333,6.6,0
"Sepal.Width",3,1,0.333333333333333,2.45,0
"Petal.Length",3,1,0.333333333333333,5.05,0
"Petal.Width",3,1,0.333333333333333,1.55,0
"Sepal.Width",2,1,1,2.45,0
"Petal.Length",2,1,1,5.05,0
"Petal.Width",2,1,1,1.55,0
"Petal.Length",26,-1,0.589743589743589,4.85,0
"Sepal.Length",26,-1,0.208791208791208,5.95,0
"Petal.Width",26,-1,0.208791208791208,1.85,0
"Sepal.Width",26,1,0.145299145299144,3.15,0
"Sepal.Width",3,1,1.33333333333333,3.1,0
"Sepal.Length",3,1,0.333333333333333,5.4,0
"Petal.Length",3,1,0.333333333333333,4.65,0
"Petal.Width",3,1,0.333333333333333,1.75,0
