"","count","ncat","improve","index","adj"
"Petal.Length",100,-1,34.58,4.95,0
"Petal.Width",100,-1,34.58,1.7,0
"Sepal.Length",100,-1,23.2465756724207,6.15,0
"Sepal.Width",100,1,6.79577365163572,3.35,0
"Petal.Width",0,-1,0.96,1.7,0.92
"Sepal.Length",0,-1,0.9,6.25,0.8
"Sepal.Width",0,-1,0.66,3.05,0.32
"Petal.Length",50,-1,23.1362962962963,2.45,0
"Petal.Width",50,-1,23.1362962962963,0.75,0
"Sepal.Length",50,-1,14.5130769230769,5.45,0
"Sepal.Width",50,1,8.40149732620321,3.15,0
"Petal.Width",0,-1,1,0.75,1
"Sepal.Length",0,-1,0.9,5.45,0.782608695652174
"Sepal.Width",0,1,0.8,3.15,0.565217391304348
"Petal.Width",27,-1,3.7037037037037,1.7,0
"Petal.Length",27,-1,1.7037037037037,4.75,0
"Sepal.Width",27,1,0.237037037037037,2.85,0
"Sepal.Length",27,-1,0.0894179894179885,6.15,0
