"","count","ncat","improve","index","adj"
"Petal.Length",100,-1,33.4353673223605,4.75,0
"Petal.Width",100,-1,33.2547169811321,1.75,0
"Sepal.Length",100,-1,23.6033193080879,5.55,0
"Sepal.Width",100,1,15.7169117647059,3.05,0
"Petal.Width",0,-1,0.97,1.55,0.936170212765957
"Sepal.Length",0,-1,0.88,6.15,0.74468085106383
"Sepal.Width",0,1,0.71,2.85,0.382978723404255
"Petal.Length",47,-1,23.4042553191489,2.6,0
"Petal.Width",47,-1,23.4042553191489,0.75,0
"Sepal.Width",47,1,16.0878916827853,3.05,0
"Sepal.Length",47,-1,14.477515392409,5.45,0
"Petal.Width",0,-1,1,0.75,1
"Sepal.Width",0,1,0.914893617021277,3.05,0.818181818181818
"Sepal.Length",0,-1,0.893617021276596,5.45,0.772727272727273
"Petal.Width",53,-1,2.66037735849057,1.75,0
"Petal.Length",53,-1,1.2967409948542,5.15,0
"Sepal.Width",53,-1,1.03626388331326,2.75,0
"Sepal.Length",53,-1,0.560377358490566,6.75,0
"Sepal.Length",6,-1,0.6,6.95,0
"Sepal.Width",6,1,0.6,2.35,0
"Petal.Length",6,-1,0.6,4.95,0
"Petal.Width",6,1,0.6,1.65,0
"Petal.Width",5,1,1.06666666666667,1.55,0
"Sepal.Width",5,1,0.9,2.35,0
"Sepal.Length",5,1,0.4,6.5,0
"Petal.Length",5,-1,0.4,4.95,0
"Sepal.Width",0,1,0.8,2.6,0.5
"Petal.Length",3,-1,1.33333333333333,4.95,0
"Sepal.Length",3,1,0.333333333333333,6.15,0
"Sepal.Width",3,1,0.333333333333333,2.35,0
