"","count","ncat","improve","index","adj"
"Petal.Length",99,-1,36.8181818181818,2.35,0
"Petal.Width",99,-1,36.8181818181818,0.8,0
"Sepal.Length",99,-1,29.1185899814471,5.55,0
"Sepal.Width",99,1,18.2524675324675,3.15,0
"Petal.Width",0,-1,1,0.8,1
"Sepal.Length",0,-1,0.939393939393939,5.55,0.866666666666667
"Sepal.Width",0,1,0.838383838383838,3.15,0.644444444444444
"Petal.Width",54,-1,25.0714285714286,1.55,0
"Petal.Length",54,-1,23.2758620689655,4.75,0
"Sepal.Length",54,-1,7.51704545454545,6.15,0
"Sepal.Width",54,-1,5.34065934065934,2.95,0
"Petal.Length",0,-1,0.944444444444444,4.75,0.884615384615385
"Sepal.Length",0,-1,0.777777777777778,6.15,0.538461538461539
"Sepal.Width",0,-1,0.740740740740741,2.95,0.461538461538462
"Petal.Length",28,-1,1.92857142857143,4.95,0
"Sepal.Width",28,1,0.428571428571431,2.25,0
"Petal.Width",28,-1,0.150793650793646,1.45,0
"Sepal.Length",28,-1,0.0619047619047617,5.95,0
