"","count","ncat","improve","index","adj"
"Petal.Length",100,-1,37.4157446808511,2.6,0
"Petal.Width",100,-1,37.4157446808511,0.7,0
"Sepal.Length",100,-1,29.0415977519069,5.45,0
"Sepal.Width",100,1,20.02,3.35,0
"Petal.Width",0,-1,1,0.7,1
"Sepal.Length",0,-1,0.94,5.45,0.872340425531915
"Sepal.Width",0,1,0.86,3.35,0.702127659574468
"Petal.Width",47,-1,19.7375886524823,1.75,0
"Petal.Length",47,-1,19.575164410058,4.95,0
"Sepal.Length",47,-1,7.67092198581561,6.2,0
"Sepal.Width",47,-1,3.44209315698678,3.15,0
"Petal.Length",0,-1,0.957446808510638,4.95,0.91304347826087
"Sepal.Length",0,-1,0.829787234042553,6.2,0.652173913043478
"Sepal.Width",0,-1,0.702127659574468,2.95,0.391304347826087
"Petal.Length",24,-1,1.7536231884058,5.3,0
"Sepal.Length",24,1,0.757575757575759,5.15,0
"Petal.Width",24,-1,0.757575757575759,1.6,0
"Sepal.Width",24,1,0.466666666666667,2.65,0
"Sepal.Length",23,1,0.913043478260869,5.15,0
"Petal.Width",23,-1,0.913043478260869,1.6,0
"Sepal.Width",23,1,0.198757763975155,2.55,0
"Petal.Length",23,-1,0.163043478260869,4.45,0
"Sepal.Width",2,-1,1,2.45,0
"Petal.Length",2,-1,1,3.9,0
"Petal.Width",2,-1,1,1.35,0
