"","count","ncat","improve","index","adj"
"Petal.Width",99,-1,37.304104878573,1.6,0
"Petal.Length",99,-1,34.4052772624201,4.95,0
"Sepal.Length",99,-1,20.2601255801256,5.45,0
"Sepal.Width",99,-1,8.4074659639877,2.95,0
"Petal.Length",0,-1,0.97979797979798,4.95,0.957446808510638
"Sepal.Length",0,-1,0.828282828282828,5.75,0.638297872340425
"Sepal.Width",0,-1,0.626262626262626,2.95,0.212765957446809
"Petal.Length",47,-1,22.9787234042553,2.45,0
"Petal.Width",47,-1,22.9787234042553,0.7,0
"Sepal.Length",47,-1,16.3120567375887,5.45,0
"Sepal.Width",47,1,11.0689489681651,3.05,0
"Petal.Width",0,-1,1,0.7,1
"Sepal.Length",0,-1,0.914893617021277,5.45,0.8
"Sepal.Width",0,1,0.851063829787234,3.05,0.65
