"","count","ncat","improve","index","adj"
"Petal.Length",100,-1,37.4902040816327,2.45,0
"Petal.Width",100,-1,37.4902040816327,0.8,0
"Sepal.Length",100,-1,23.8315658515659,5.75,0
"Sepal.Width",100,1,21.0981168558218,3.05,0
"Petal.Width",0,-1,1,0.8,1
"Sepal.Length",0,-1,0.89,5.45,0.775510204081633
"Sepal.Width",0,1,0.86,3.05,0.714285714285714
"Petal.Width",49,-1,18.8844447477988,1.75,0
"Petal.Length",49,-1,17.6326530612245,4.7,0
"Sepal.Length",49,-1,9.66994297719087,5.95,0
"Sepal.Width",49,-1,3.55956336022781,3.25,0
"Petal.Length",0,-1,0.897959183673469,4.7,0.782608695652174
"Sepal.Length",0,-1,0.775510204081633,6.2,0.521739130434782
"Sepal.Width",0,-1,0.714285714285714,2.85,0.391304347826087
"Petal.Length",26,-1,2.35897435897436,5.05,0
"Sepal.Length",26,-1,0.492307692307691,6.05,0
"Petal.Width",26,-1,0.419580419580419,1.35,0
"Sepal.Width",26,1,0.162895927601809,2.85,0
"Sepal.Length",3,-1,1.33333333333333,6.05,0
"Petal.Width",3,1,1.33333333333333,1.55,0
"Sepal.Width",3,1,0.333333333333333,2.65,0
"Petal.Length",3,-1,0.333333333333333,5.35,0
"Sepal.Length",23,-1,0.913043478260869,5.95,0
"Petal.Length",23,-1,0.913043478260869,4.85,0
"Petal.Width",23,-1,0.246376811594202,1.85,0
"Sepal.Width",23,1,0.135265700483091,3.15,0
"Sepal.Length",2,1,1,5.85,0
"Sepal.Width",2,1,1,2.95,0
"Petal.Length",2,-1,1,4.95,0
"Petal.Width",2,-1,1,1.85,0
