"","count","ncat","improve","index","adj"
"Petal.Length",99,-1,37.0358908231249,2.35,0
"Petal.Width",99,-1,37.0358908231249,0.75,0
"Sepal.Length",99,-1,27.7525252525253,5.55,0
"Sepal.Width",99,1,19.3333920601362,3.05,0
"Petal.Width",0,-1,1,0.75,1
"Sepal.Length",0,-1,0.929292929292929,5.55,0.851063829787234
"Sepal.Width",0,1,0.858585858585859,3.05,0.702127659574468
"Petal.Width",47,-1,21.5693617021277,1.75,0
"Petal.Length",47,-1,19.8093617021277,4.85,0
"Sepal.Length",47,-1,6.78240199516795,6.15,0
"Sepal.Width",47,-1,2.91793313069909,3.25,0
"Petal.Length",0,-1,0.936170212765957,4.85,0.863636363636364
"Sepal.Length",0,-1,0.787234042553192,6.15,0.545454545454546
"Sepal.Width",0,-1,0.659574468085106,2.75,0.272727272727273
"Sepal.Width",25,1,0.920000000000001,2.25,0
"Petal.Length",25,-1,0.586666666666667,4.9,0
"Petal.Width",25,-1,0.170000000000001,1.45,0
"Sepal.Length",25,-1,0.0866666666666673,5.95,0
"Petal.Length",2,-1,1,4.5,0
"Petal.Width",2,-1,1,1.25,0
