"","count","ncat","improve","index","adj"
"Petal.Length",99,-1,36.9437773966076,2.6,0
"Petal.Width",99,-1,36.9437773966076,0.75,0
"Sepal.Length",99,-1,29.9454545454545,5.45,0
"Sepal.Width",99,1,19.1396495567924,3.15,0
"Petal.Width",0,-1,1,0.75,1
"Sepal.Length",0,-1,0.94949494949495,5.45,0.891304347826087
"Sepal.Width",0,1,0.858585858585859,3.15,0.695652173913043
"Petal.Length",53,-1,19.213423180593,4.95,0
"Petal.Width",53,-1,17.6773476469313,1.7,0
"Sepal.Length",53,-1,5.29242362287517,6.05,0
"Sepal.Width",53,-1,1.2975835815955,2.75,0
"Petal.Width",0,-1,0.849056603773585,1.55,0.68
"Sepal.Length",0,-1,0.735849056603774,6.25,0.44
"Sepal.Width",0,-1,0.60377358490566,2.95,0.16
"Petal.Width",28,-1,3.85714285714286,1.7,0
"Petal.Length",28,-1,1.92857142857143,4.75,0
"Sepal.Width",28,-1,0.304511278195488,2.75,0
"Sepal.Length",28,1,0.257142857142856,6.25,0
"Petal.Length",0,-1,0.892857142857143,4.75,0.250000000000001
"Sepal.Width",4,1,1.5,3.1,0
"Sepal.Length",4,-1,0.5,6,0
"Petal.Length",4,-1,0.5,4.85,0
"Petal.Width",4,-1,0.166666666666667,1.9,0
"Sepal.Length",25,-1,0.420000000000001,6.05,0
"Petal.Width",25,-1,0.320000000000001,1.7,0
"Sepal.Width",25,-1,0.253333333333334,2.75,0
"Petal.Length",25,-1,0.253333333333334,5.15,0
"Petal.Length",0,-1,0.92,5.15,0.5
"Sepal.Length",4,1,0.5,5.9,0
"Petal.Width",4,-1,0.5,1.75,0
"Sepal.Width",4,1,0.166666666666667,2.45,0
"Petal.Length",4,1,0.166666666666667,5.05,0
"Petal.Width",0,-1,1,1.75,1
"Sepal.Width",2,1,1,2.45,0
"Petal.Length",2,1,1,5.05,0
"Petal.Width",2,1,1,1.55,0
