"","count","ncat","improve","index","adj"
"Petal.Length",100,-1,31.3421917808219,2.45,0
"Petal.Width",100,-1,31.3421917808219,0.8,0
"Sepal.Length",100,-1,22.6635939776591,5.45,0
"Sepal.Width",100,1,19.8083870967742,3.05,0
"Petal.Width",0,-1,1,0.8,1
"Sepal.Length",0,-1,0.94,5.45,0.777777777777778
"Sepal.Width",0,1,0.91,3.35,0.666666666666667
"Petal.Width",73,-1,26.0515078528777,1.75,0
"Petal.Length",73,-1,24.2450809464508,5.05,0
"Sepal.Length",73,-1,6.19857744994731,6.75,0
"Sepal.Width",73,-1,5.17934668071655,3.05,0
"Petal.Length",0,-1,0.958904109589041,5.05,0.857142857142857
"Sepal.Width",0,-1,0.808219178082192,3.05,0.333333333333333
"Sepal.Length",0,-1,0.794520547945205,6.75,0.285714285714286
"Sepal.Length",52,1,0.961538461538463,4.95,0
"Sepal.Width",52,1,0.183760683760685,2.55,0
"Petal.Length",52,1,0.0615384615384627,4.55,0
"Petal.Width",52,-1,0.038461538461541,1.65,0
"Sepal.Width",2,-1,1,2.45,0
"Petal.Length",2,-1,1,3.9,0
"Petal.Width",2,-1,1,1.35,0
"Petal.Length",21,-1,1.90476190476191,4.85,0
"Sepal.Length",21,-1,0.304761904761905,6,0
"Petal.Width",21,-1,0.238095238095239,1.85,0
"Sepal.Width",21,1,0.190476190476191,3.15,0
