"","count","ncat","improve","index","adj"
"Petal.Length",100,-1,29.8718918918919,2.6,0
"Petal.Width",100,-1,29.8718918918919,0.8,0
"Sepal.Length",100,-1,22.8061291889267,5.45,0
"Sepal.Width",100,1,20.3656942496494,3.05,0
"Petal.Width",0,-1,1,0.8,1
"Sepal.Length",0,-1,0.95,5.45,0.807692307692307
"Sepal.Width",0,1,0.91,3.05,0.653846153846154
"Petal.Width",74,-1,27.454261954262,1.65,0
"Petal.Length",74,-1,25.8173279662641,4.75,0
"Sepal.Length",74,-1,9.31287001287001,6.65,0
"Sepal.Width",74,-1,5.86977267305136,2.95,0
"Petal.Length",0,-1,0.905405405405405,4.75,0.681818181818182
"Sepal.Length",0,-1,0.810810810810811,6.65,0.363636363636364
"Sepal.Width",0,-1,0.77027027027027,2.95,0.227272727272727
"Petal.Length",52,-1,4.15384615384616,4.95,0
"Petal.Width",52,-1,1.90384615384616,1.45,0
"Sepal.Length",52,-1,1.8107088989442,7,0
"Sepal.Width",52,1,0.483778126635269,2.25,0
"Petal.Width",0,-1,0.942307692307692,1.55,0.249999999999999
"Sepal.Length",4,-1,0.5,6.15,0
"Sepal.Width",4,-1,0.5,2.75,0
"Petal.Width",4,1,0.5,1.55,0
"Petal.Length",4,1,0.166666666666667,5.05,0
"Sepal.Width",0,-1,1,2.75,1
"Sepal.Width",2,1,1,2.45,0
"Petal.Length",2,1,1,5.05,0
"Petal.Width",2,1,1,1.55,0
