"","count","ncat","improve","index","adj"
"Petal.Length",99,-1,36.8242424242424,2.45,0
"Petal.Width",99,-1,36.8242424242424,0.8,0
"Sepal.Length",99,-1,30.0173919647604,5.55,0
"Sepal.Width",99,1,20.0040404040404,3.35,0
"Petal.Width",0,-1,1,0.8,1
"Sepal.Length",0,-1,0.94949494949495,5.45,0.888888888888889
"Sepal.Width",0,1,0.858585858585859,3.25,0.688888888888889
"Petal.Width",45,-1,15.3088888888889,1.75,0
"Petal.Length",45,-1,14.3407407407407,4.75,0
"Sepal.Length",45,-1,4.10888888888889,6.15,0
"Sepal.Width",45,-1,3.3979797979798,2.75,0
"Petal.Length",0,-1,0.844444444444444,4.75,0.65
"Sepal.Width",0,-1,0.711111111111111,2.95,0.35
"Sepal.Length",0,-1,0.666666666666667,6.15,0.25
"Petal.Length",25,-1,2.88,4.95,0
"Sepal.Length",25,-1,1.61333333333333,7.1,0
"Petal.Width",25,-1,1.28,1.45,0
"Sepal.Width",25,1,0.627826086956521,2.3,0
"Petal.Width",0,-1,0.88,1.55,0.4
"Petal.Width",5,1,1.06666666666667,1.55,0
"Sepal.Length",5,-1,0.4,6.95,0
"Sepal.Width",5,1,0.4,2.45,0
"Petal.Length",5,-1,0.4,5.45,0
"Sepal.Length",0,1,0.8,6.5,0.5
"Sepal.Width",0,1,0.8,2.9,0.5
"Sepal.Length",3,-1,1.33333333333333,6.95,0
"Petal.Length",3,-1,1.33333333333333,5.45,0
"Sepal.Width",3,-1,0.333333333333333,2.85,0
"Petal.Width",3,1,0.333333333333333,1.65,0
"Petal.Length",20,-1,0.566666666666667,4.85,0
"Sepal.Length",20,-1,0.400000000000001,5.95,0
"Sepal.Width",20,1,0.233333333333334,3.15,0
"Petal.Width",20,-1,0.233333333333334,1.85,0
"Sepal.Length",3,-1,1.33333333333333,5.95,0
"Sepal.Width",3,1,1.33333333333333,3.1,0
