"","count","ncat","improve","index","adj"
"Petal.Length",100,-1,37.4616666666667,2.7,0
"Petal.Width",100,-1,37.4616666666667,0.8,0
"Sepal.Length",100,-1,26.42,5.45,0
"Sepal.Width",100,1,20.6660984393757,3.25,0
"Petal.Width",0,-1,1,0.8,1
"Sepal.Length",0,-1,0.92,5.45,0.833333333333333
"Sepal.Width",0,1,0.87,3.25,0.729166666666667
"Petal.Width",48,-1,17.0617816091954,1.75,0
"Petal.Length",48,-1,15.2800116550117,4.75,0
"Sepal.Length",48,-1,4.30231367731368,5.75,0
"Sepal.Width",48,-1,1.23201754385964,3.15,0
"Petal.Length",0,-1,0.895833333333333,5.05,0.736842105263158
"Sepal.Length",0,-1,0.791666666666667,6.35,0.473684210526316
"Sepal.Width",0,-1,0.6875,3.05,0.210526315789474
"Petal.Length",29,-1,2.57988505747127,4.95,0
"Sepal.Length",29,1,1.53940886699508,4.95,0
"Sepal.Width",29,1,0.801814882032668,2.65,0
"Petal.Width",29,-1,0.674329501915711,1.35,0
"Sepal.Length",24,1,1.91666666666667,4.95,0
"Petal.Width",24,-1,1.91666666666667,1.65,0
"Sepal.Width",24,1,0.202380952380951,2.55,0
"Petal.Length",24,-1,0.0984848484848473,4.45,0
"Petal.Width",5,1,2.4,1.55,0
"Sepal.Width",5,1,1.06666666666667,2.65,0
"Sepal.Length",5,1,0.9,6.5,0
"Petal.Length",5,-1,0.4,5.35,0
"Sepal.Width",0,1,0.8,2.65,0.5
