"","count","ncat","improve","index","adj"
"Petal.Length",100,-1,37.4157446808511,2.8,0
"Petal.Width",100,-1,37.4157446808511,0.8,0
"Sepal.Length",100,-1,33.0251282051282,5.45,0
"Sepal.Width",100,-1,8.71345509893455,2.35,0
"Petal.Width",0,-1,1,0.8,1
"Sepal.Length",0,-1,0.97,5.45,0.936170212765957
"Sepal.Width",0,-1,0.7,2.35,0.361702127659574
"Petal.Width",47,-1,16.6350245499182,1.75,0
"Petal.Length",47,-1,16.1709219858156,4.75,0
"Sepal.Length",47,-1,2.79884991374353,5.75,0
"Sepal.Width",47,-1,0.91536643026005,3.35,0
"Petal.Length",0,-1,0.872340425531915,4.75,0.714285714285714
"Sepal.Length",0,-1,0.659574468085106,6.15,0.238095238095238
"Sepal.Width",0,-1,0.617021276595745,3.25,0.142857142857143
"Petal.Length",26,-1,3.36013986013986,4.95,0
"Sepal.Length",26,1,1.48923076923077,5.2,0
"Petal.Width",26,-1,1.13286713286713,1.55,0
"Sepal.Width",26,1,0.886877828054298,2.65,0
"Sepal.Length",22,1,1.90909090909091,5.2,0
"Petal.Width",22,-1,1.90909090909091,1.65,0
"Sepal.Width",22,1,0.194805194805194,2.6,0
"Petal.Length",22,-1,0.0629370629370625,4.45,0
"Petal.Width",4,1,1.5,1.65,0
"Sepal.Length",4,1,0.5,6.4,0
"Sepal.Width",4,1,0.5,2.8,0
"Petal.Length",4,-1,0.5,5.3,0
