"","count","ncat","improve","index","adj"
"Petal.Length",99,-1,37.2500515357658,2.6,0
"Petal.Width",99,-1,37.2500515357658,0.7,0
"Sepal.Length",99,-1,30.5507329239897,5.45,0
"Sepal.Width",99,1,13.6277768194277,2.95,0
"Petal.Width",0,-1,1,0.7,1
"Sepal.Length",0,-1,0.94949494949495,5.35,0.897959183673469
"Sepal.Width",0,1,0.777777777777778,2.95,0.551020408163265
"Petal.Length",49,-1,22.3318544809228,4.95,0
"Petal.Width",49,-1,18.9648979591837,1.65,0
"Sepal.Length",49,-1,6.95210516639088,5.75,0
"Sepal.Width",49,-1,2.02009175763329,2.45,0
"Petal.Width",0,-1,0.938775510204082,1.75,0.869565217391304
"Sepal.Length",0,-1,0.775510204081633,5.75,0.521739130434782
"Sepal.Width",0,-1,0.63265306122449,2.95,0.217391304347826
"Sepal.Length",23,1,1.91304347826087,4.95,0
"Petal.Width",23,-1,1.91304347826087,1.65,0
"Sepal.Width",23,1,0.198757763975155,2.55,0
"Petal.Length",23,-1,0.113043478260869,4.45,0
