"","count","ncat","improve","index","adj"
"Petal.Width",100,-1,34.64,1.55,0
"Petal.Length",100,-1,33.3307402961184,4.85,0
"Sepal.Length",100,-1,27.1138797814208,5.75,0
"Sepal.Width",100,1,17.4876103500761,3.15,0
"Petal.Length",0,-1,0.96,4.75,0.92
"Sepal.Length",0,-1,0.89,5.75,0.78
"Sepal.Width",0,1,0.67,3.05,0.34
"Petal.Length",50,-1,23.9633333333333,2.45,0
"Petal.Width",50,-1,23.9633333333333,0.7,0
"Sepal.Width",50,1,17.38,3.15,0
"Sepal.Length",50,-1,12.1956199677939,5.45,0
"Petal.Width",0,-1,1,0.7,1
"Sepal.Width",0,1,0.92,3.15,0.833333333333333
"Sepal.Length",0,-1,0.86,5.45,0.708333333333333
"Petal.Length",24,-1,1.91666666666667,5.25,0
"Petal.Width",24,-1,0.166666666666666,1.35,0
"Sepal.Width",24,1,0.116666666666666,2.65,0
"Sepal.Length",24,-1,0.0984848484848473,5.9,0
"Petal.Length",50,-1,0.960000000000001,4.85,0
"Sepal.Length",50,-1,0.460000000000001,6,0
"Sepal.Width",50,1,0.360000000000001,3.15,0
"Petal.Width",50,-1,0.160000000000001,1.85,0
"Sepal.Length",2,-1,1,6.05,0
"Sepal.Width",2,1,1,3,0
