"","count","ncat","improve","index","adj"
"Petal.Length",99,-1,34.0115864527629,2.45,0
"Petal.Width",99,-1,34.0115864527629,0.75,0
"Sepal.Length",99,-1,20.4026350461133,5.45,0
"Sepal.Width",99,1,19.1139393939394,3.25,0
"Petal.Width",0,-1,1,0.75,1
"Sepal.Length",0,-1,0.909090909090909,5.45,0.709677419354839
"Sepal.Width",0,1,0.878787878787879,3.25,0.612903225806452
"Petal.Width",68,-1,27.3823529411765,1.75,0
"Petal.Length",68,-1,22.2005347593583,4.75,0
"Sepal.Length",68,-1,6.96889140271493,6.45,0
"Sepal.Width",68,-1,3.25927601809955,3.25,0
"Petal.Length",0,-1,0.955882352941177,4.75,0.842105263157895
"Sepal.Length",0,-1,0.808823529411765,6.45,0.315789473684211
"Sepal.Width",0,-1,0.764705882352941,3.25,0.157894736842105
