"","count","ncat","improve","index","adj"
"Petal.Length",100,-1,33.14,4.95,0
"Petal.Width",100,-1,31.7847378951581,1.75,0
"Sepal.Length",100,-1,24.1993406593407,5.75,0
"Sepal.Width",100,1,9.39871006630501,3.25,0
"Petal.Width",0,-1,0.94,1.55,0.88
"Sepal.Length",0,-1,0.85,5.75,0.7
"Sepal.Width",0,1,0.68,2.85,0.36
"Petal.Length",50,-1,23.1362962962963,2.35,0
"Petal.Width",50,-1,23.1362962962963,0.75,0
"Sepal.Length",50,-1,14.5607792207792,5.35,0
"Sepal.Width",50,1,9.90617647058824,3.25,0
"Petal.Width",0,-1,1,0.75,1
"Sepal.Length",0,-1,0.9,5.35,0.782608695652174
"Sepal.Width",0,1,0.82,3.05,0.608695652173913
"Petal.Width",27,-1,2.37037037037037,1.7,0
"Petal.Length",27,-1,1.3037037037037,4.75,0
"Sepal.Length",27,-1,0.503703703703704,6.05,0
"Sepal.Width",27,-1,0.203703703703704,2.75,0
"Petal.Length",0,-1,0.925925925925926,4.75,0.333333333333334
"Sepal.Length",3,-1,1.33333333333333,6,0
"Sepal.Width",3,1,1.33333333333333,3.1,0
"Petal.Length",3,-1,0.333333333333333,4.85,0
"Petal.Length",50,-1,0.626666666666667,5.05,0
"Petal.Width",50,-1,0.460000000000001,1.75,0
"Sepal.Length",50,1,0.113846153846155,6.6,0
"Sepal.Width",50,1,0.0850000000000009,2.95,0
"Sepal.Width",0,-1,0.98,2.6,0.666666666666667
"Sepal.Length",3,1,1.33333333333333,6.5,0
"Sepal.Width",3,1,1.33333333333333,2.75,0
"Petal.Width",3,1,0.333333333333333,1.6,0
