"","count","ncat","improve","index","adj"
"Petal.Length",99,-1,37.3238265002971,2.6,0
"Petal.Width",99,-1,37.3238265002971,0.7,0
"Sepal.Length",99,-1,33.7380421865716,5.55,0
"Sepal.Width",99,1,11.2626461660944,2.95,0
"Petal.Width",0,-1,1,0.7,1
"Sepal.Length",0,-1,0.96969696969697,5.45,0.9375
"Sepal.Width",0,1,0.737373737373737,2.95,0.458333333333333
"Petal.Length",51,-1,21.1794824512877,4.85,0
"Petal.Width",51,-1,21.1794824512877,1.7,0
"Sepal.Length",51,-1,9.01647304689901,6.25,0
"Sepal.Width",51,-1,1.76960784313726,2.95,0
"Petal.Width",0,-1,0.92156862745098,1.7,0.818181818181818
"Sepal.Length",0,-1,0.843137254901961,6.25,0.636363636363636
"Sepal.Width",0,-1,0.666666666666667,2.95,0.227272727272727
"Petal.Width",22,-1,0.909090909090908,1.7,0
"Petal.Length",22,-1,0.575757575757575,4.75,0
"Sepal.Length",22,-1,0.242424242424242,6.15,0
"Sepal.Width",22,1,0.0629370629370625,2.85,0
"Petal.Length",0,-1,0.954545454545455,4.75,0.500000000000001
"Sepal.Length",2,-1,1,6.05,0
"Sepal.Width",2,1,1,3,0
"Petal.Width",29,-1,0.93103448275862,1.65,0
"Petal.Length",29,-1,0.597701149425286,4.95,0
"Sepal.Length",29,1,0.0977011494252862,6.85,0
"Sepal.Width",29,1,0.0977011494252862,3.05,0
"Sepal.Length",2,1,1,6.45,0
"Sepal.Width",2,1,1,2.65,0
"Petal.Length",2,-1,1,4.95,0
