"","count","ncat","improve","index","adj"
"Petal.Length",99,-1,37.0485625485626,2.6,0
"Petal.Width",99,-1,37.0485625485626,0.75,0
"Sepal.Length",99,-1,30.5837507646018,5.45,0
"Sepal.Width",99,1,26.4037090841128,3.35,0
"Petal.Width",0,-1,1,0.75,1
"Sepal.Length",0,-1,0.94949494949495,5.45,0.893617021276596
"Sepal.Width",0,1,0.919191919191919,3.35,0.829787234042553
"Petal.Width",52,-1,20.6043956043956,1.65,0
"Petal.Length",52,-1,20.3305860805861,4.8,0
"Sepal.Length",52,-1,8.79487179487179,6.25,0
"Sepal.Width",52,-1,1.68617614269788,2.45,0
"Petal.Length",0,-1,0.884615384615385,4.8,0.75
"Sepal.Length",0,-1,0.807692307692308,6.25,0.583333333333333
"Sepal.Width",0,-1,0.615384615384615,2.65,0.166666666666667
"Petal.Length",28,-1,3.85714285714286,4.95,0
"Sepal.Length",28,-1,0.857142857142856,5.95,0
"Sepal.Width",28,1,0.664835164835164,2.25,0
"Petal.Width",28,-1,0.642857142857141,1.35,0
"Petal.Width",4,1,1.5,1.55,0
"Sepal.Length",4,-1,0.5,6.05,0
"Sepal.Width",4,1,0.5,2.65,0
"Petal.Length",4,1,0.166666666666667,5.05,0
