"","count","ncat","improve","index","adj"
"Petal.Length",100,-1,34.6708974358974,4.85,0
"Petal.Width",100,-1,33.4056182472989,1.55,0
"Sepal.Length",100,-1,28.7232538569425,5.45,0
"Sepal.Width",100,1,12.389810298103,3.25,0
"Petal.Width",0,-1,0.97,1.55,0.9375
"Sepal.Length",0,-1,0.88,6.25,0.75
"Sepal.Width",0,1,0.62,3.25,0.208333333333333
"Petal.Length",52,-1,24.8141025641026,2.5,0
"Petal.Width",52,-1,24.8141025641026,0.75,0
"Sepal.Length",52,-1,19.4066524872976,5.45,0
"Sepal.Width",52,1,11.946455505279,2.95,0
"Petal.Width",0,-1,1,0.75,1
"Sepal.Length",0,-1,0.942307692307692,5.45,0.875
"Sepal.Width",0,1,0.846153846153846,2.95,0.666666666666667
"Petal.Width",24,-1,0.916666666666666,1.65,0
"Petal.Length",24,-1,0.583333333333332,4.75,0
"Sepal.Length",24,-1,0.202380952380951,6.15,0
"Sepal.Width",24,1,0.07051282051282,2.85,0
"Petal.Length",0,-1,0.958333333333333,4.75,0.500000000000001
"Sepal.Length",2,-1,1,6.05,0
"Sepal.Width",2,1,1,3,0
"Petal.Width",48,-1,0.625000000000001,1.7,0
"Sepal.Width",48,-1,0.458333333333335,2.75,0
"Sepal.Length",48,-1,0.358333333333335,6.05,0
"Petal.Length",48,-1,0.208333333333335,5.15,0
"Sepal.Length",3,-1,1.33333333333333,6.05,0
"Petal.Length",3,-1,1.33333333333333,5.35,0
"Sepal.Width",3,1,0.333333333333333,2.65,0
"Petal.Width",3,1,0.333333333333333,1.5,0
