"","count","ncat","improve","index","adj"
"Petal.Length",100,-1,37.2272727272727,2.35,0
"Petal.Width",100,-1,37.2272727272727,0.8,0
"Sepal.Length",100,-1,31.4490164592533,5.45,0
"Sepal.Width",100,1,23.0653650254669,3.35,0
"Petal.Width",0,-1,1,0.8,1
"Sepal.Length",0,-1,0.96,5.45,0.911111111111111
"Sepal.Width",0,1,0.89,3.35,0.755555555555556
"Petal.Width",55,-1,21.6141251221896,1.75,0
"Petal.Length",55,-1,20.3761755485893,4.75,0
"Sepal.Length",55,-1,5.48509286412513,6.35,0
"Sepal.Width",55,-1,3.21824009324009,2.75,0
"Petal.Length",0,-1,0.909090909090909,4.75,0.791666666666667
"Sepal.Length",0,-1,0.745454545454545,6.35,0.416666666666667
"Sepal.Width",0,-1,0.709090909090909,2.95,0.333333333333333
"Petal.Length",31,-1,3.74193548387097,5.05,0
"Petal.Width",31,-1,0.31336405529954,1.35,0
"Sepal.Length",31,-1,0.241935483870969,6.05,0
"Sepal.Width",31,1,0.186379928315413,2.85,0
"Petal.Length",24,-1,0.916666666666666,4.85,0
"Sepal.Length",24,-1,0.416666666666666,5.95,0
"Petal.Width",24,-1,0.316666666666666,1.85,0
"Sepal.Width",24,1,0.202380952380951,3.15,0
"Sepal.Length",2,-1,1,5.95,0
"Sepal.Width",2,1,1,3.1,0
