"","count","ncat","improve","index","adj"
"Petal.Length",100,-1,29.4291891891892,2.6,0
"Petal.Width",100,-1,29.4291891891892,0.75,0
"Sepal.Length",100,-1,20.6350103950104,5.45,0
"Sepal.Width",100,-1,17.0177777777778,2.45,0
"Petal.Width",0,-1,1,0.75,1
"Sepal.Length",0,-1,0.94,5.45,0.769230769230769
"Sepal.Width",0,1,0.86,3.25,0.461538461538462
"Petal.Width",74,-1,30.925717643109,1.75,0
"Petal.Length",74,-1,29.3914559721011,4.75,0
"Sepal.Length",74,-1,19.2460598529564,6.15,0
"Sepal.Width",74,-1,12.8977673325499,2.45,0
"Petal.Length",0,-1,0.959459459459459,4.75,0.892857142857143
"Sepal.Length",0,-1,0.851351351351351,6.15,0.607142857142857
"Sepal.Width",0,-1,0.756756756756757,2.45,0.357142857142857
"Sepal.Length",46,-1,1.95652173913043,7.1,0
"Petal.Length",46,-1,1.95652173913043,5.4,0
"Petal.Width",46,-1,0.6231884057971,1.55,0
"Sepal.Width",46,-1,0.206521739130434,2.95,0
"Petal.Length",28,-1,0.595238095238094,4.85,0
"Sepal.Length",28,-1,0.428571428571428,5.95,0
"Petal.Width",28,-1,0.15079365079365,1.85,0
"Sepal.Width",28,1,0.128571428571428,3.15,0
"Sepal.Length",3,-1,1.33333333333333,5.95,0
"Sepal.Width",3,1,1.33333333333333,3.1,0
