"","count","ncat","improve","index","adj"
"Petal.Length",99,-1,29.1837291837292,2.6,0
"Petal.Width",99,-1,29.1837291837292,0.75,0
"Sepal.Length",99,-1,22.9091345891346,5.45,0
"Sepal.Width",99,1,16.9270268073085,3.15,0
"Petal.Width",0,-1,1,0.75,1
"Sepal.Length",0,-1,0.95959595959596,5.45,0.84
"Sepal.Width",0,1,0.878787878787879,3.35,0.52
"Petal.Width",74,-1,30.4716481187069,1.75,0
"Petal.Length",74,-1,27.0990990990991,4.75,0
"Sepal.Length",74,-1,5.44000819000819,6.85,0
"Sepal.Width",74,-1,5.44000819000819,3.15,0
"Petal.Length",0,-1,0.945945945945946,4.75,0.826086956521739
"Sepal.Length",0,-1,0.77027027027027,6.85,0.260869565217391
"Sepal.Width",0,-1,0.77027027027027,3.15,0.260869565217391
"Petal.Length",51,-1,1.96078431372549,5.3,0
"Sepal.Width",51,1,0.160784313725492,2.65,0
"Sepal.Length",51,1,0.0718954248366028,6.2,0
"Petal.Width",51,-1,0.0148383677795478,1.35,0
