"","count","ncat","improve","index","adj"
"Petal.Length",100,-1,37.6061538461538,2.6,0
"Petal.Width",100,-1,37.6061538461538,0.8,0
"Sepal.Length",100,-1,28.3599598554797,5.45,0
"Sepal.Width",100,1,21.1843379571248,3.35,0
"Petal.Width",0,-1,1,0.8,1
"Sepal.Length",0,-1,0.93,5.45,0.854166666666667
"Sepal.Width",0,1,0.87,3.25,0.729166666666667
"Petal.Length",52,-1,20.2163461538462,4.75,0
"Petal.Width",52,-1,18.8390313390313,1.75,0
"Sepal.Length",52,-1,7.19608885737918,6.15,0
"Sepal.Width",52,-1,1.41554828150573,2.45,0
"Petal.Width",0,-1,0.884615384615385,1.45,0.7
"Sepal.Length",0,-1,0.788461538461538,5.75,0.45
"Sepal.Width",0,-1,0.673076923076923,2.45,0.15
"Petal.Width",32,-1,2.00892857142857,1.75,0
"Petal.Length",32,-1,1.07386363636364,5.15,0
"Sepal.Length",32,-1,0.1575,7,0
"Sepal.Width",32,1,0.104166666666666,2.65,0
"Sepal.Width",7,1,1.02857142857143,2.65,0
"Petal.Length",7,-1,1.02857142857143,5.35,0
"Petal.Width",7,1,0.761904761904761,1.65,0
"Sepal.Length",7,1,0.595238095238094,6.5,0
"Sepal.Length",0,1,0.857142857142857,6.2,0.5
"Petal.Length",5,-1,1.06666666666667,5.05,0
"Sepal.Length",5,-1,0.9,7.05,0
"Sepal.Width",5,-1,0.4,2.75,0
"Petal.Width",5,1,0.4,1.65,0
"Sepal.Length",0,1,0.8,6.5,0.5
"Sepal.Width",0,1,0.8,2.9,0.5
"Sepal.Length",3,-1,1.33333333333333,6.15,0
"Sepal.Width",3,-1,1.33333333333333,2.75,0
"Petal.Length",3,-1,0.333333333333333,5.45,0
"Petal.Width",3,1,0.333333333333333,1.55,0
