"","count","ncat","improve","index","adj"
"Petal.Length",100,-1,37.4584615384615,2.45,0
"Petal.Width",100,-1,37.4584615384615,0.8,0
"Sepal.Length",100,-1,30.4147979191677,5.45,0
"Sepal.Width",100,1,21.9257471264368,3.35,0
"Petal.Width",0,-1,1,0.8,1
"Sepal.Length",0,-1,0.95,5.45,0.895833333333333
"Sepal.Width",0,1,0.88,3.35,0.75
"Petal.Length",52,-1,20.6043956043956,4.75,0
"Petal.Width",52,-1,20.5615384615385,1.75,0
"Sepal.Length",52,-1,5.72165840156844,6.15,0
"Sepal.Width",52,-1,1.00665124349334,3.05,0
"Petal.Width",0,-1,0.903846153846154,1.65,0.791666666666667
"Sepal.Length",0,-1,0.788461538461538,6.15,0.541666666666667
"Sepal.Width",0,-1,0.615384615384615,2.95,0.166666666666667
"Petal.Width",28,-1,2.35714285714286,1.75,0
"Petal.Length",28,-1,1.92857142857143,5.05,0
"Sepal.Length",28,1,0.214285714285713,6.25,0
"Sepal.Width",28,-1,0.190476190476189,2.55,0
"Petal.Length",0,-1,0.821428571428571,5.05,0.166666666666667
"Sepal.Length",6,1,1.5,6.2,0
"Sepal.Width",6,1,1.5,2.9,0
"Petal.Length",6,-1,1.5,4.95,0
"Petal.Width",6,1,0.6,1.45,0
"Sepal.Width",0,1,0.833333333333333,2.7,0.5
"Petal.Length",4,-1,1.5,5.05,0
"Sepal.Length",4,1,0.5,6.5,0
"Sepal.Width",4,1,0.5,2.9,0
"Petal.Width",4,1,0.166666666666667,1.6,0
