"","count","ncat","improve","index","adj"
"Petal.Length",100,-1,38.6559183673469,2.6,0
"Petal.Width",100,-1,38.6559183673469,0.7,0
"Sepal.Length",100,-1,31.2945738295318,5.45,0
"Sepal.Width",100,1,19.8983838383838,3.35,0
"Petal.Width",0,-1,1,0.7,1
"Sepal.Length",0,-1,0.94,5.35,0.877551020408163
"Sepal.Width",0,1,0.86,3.35,0.714285714285714
"Petal.Length",49,-1,20.3151927437642,4.9,0
"Petal.Width",49,-1,15.2181167203724,1.65,0
"Sepal.Length",49,-1,8.42477128782548,6.25,0
"Sepal.Width",49,-1,5.2574149659864,2.95,0
"Petal.Width",0,-1,0.897959183673469,1.65,0.722222222222222
"Sepal.Length",0,-1,0.836734693877551,6.25,0.555555555555556
"Sepal.Width",0,-1,0.73469387755102,2.45,0.277777777777778
"Petal.Length",18,-1,0.888888888888889,4.75,0
"Petal.Width",18,-1,0.888888888888889,1.65,0
"Sepal.Width",18,-1,0.388888888888889,2.95,0
"Sepal.Length",18,-1,0.111111111111111,5.95,0
"Petal.Width",0,-1,1,1.65,1
"Sepal.Length",2,-1,1,5.95,0
"Sepal.Width",2,1,1,3.1,0
