"","count","ncat","improve","index","adj"
"Petal.Length",100,-1,29.4291891891892,2.45,0
"Petal.Width",100,-1,29.4291891891892,0.7,0
"Sepal.Length",100,-1,16.4737540906966,6.15,0
"Sepal.Width",100,1,15.4223828345568,3.35,0
"Petal.Width",0,-1,1,0.7,1
"Sepal.Width",0,1,0.89,3.35,0.576923076923077
"Sepal.Length",0,-1,0.85,5.05,0.423076923076923
"Petal.Length",74,-1,27.4562653562654,4.75,0
"Petal.Width",74,-1,27.2704381400034,1.65,0
"Sepal.Length",74,-1,16.7162871799031,6.15,0
"Sepal.Width",74,-1,9.80475020475021,2.55,0
"Petal.Width",0,-1,0.945945945945946,1.65,0.866666666666667
"Sepal.Length",0,-1,0.878378378378378,5.75,0.7
"Sepal.Width",0,-1,0.783783783783784,2.55,0.466666666666667
"Petal.Width",44,-1,1.95454545454545,1.65,0
"Sepal.Length",44,1,0.954545454545454,5,0
"Petal.Length",44,-1,0.240259740259739,4.45,0
"Sepal.Width",44,1,0.023510971786834,2.55,0
"Petal.Length",30,-1,1.97142857142857,5.05,0
"Petal.Width",30,-1,1.47692307692308,1.75,0
"Sepal.Length",30,-1,0.362962962962962,5.95,0
"Sepal.Width",30,1,0.3,2.95,0
"Sepal.Width",7,1,1.92857142857143,2.9,0
"Sepal.Length",7,1,1.82857142857143,6.5,0
"Petal.Width",7,-1,1.82857142857143,1.75,0
"Petal.Length",7,1,0.0952380952380945,4.85,0
"Sepal.Length",0,-1,0.714285714285714,6.1,0.333333333333333
"Petal.Width",0,-1,0.714285714285714,1.75,0.333333333333333
"Sepal.Length",4,1,0.5,6.35,0
"Sepal.Width",4,1,0.5,3.05,0
"Petal.Length",4,1,0.5,4.85,0
"Petal.Width",4,-1,0.5,1.75,0
"Petal.Length",0,1,1,4.85,1
"Petal.Width",0,-1,1,1.75,1
"Sepal.Length",2,-1,1,5.95,0
"Sepal.Width",2,1,1,3.1,0
