"","count","ncat","improve","index","adj"
"Petal.Length",99,-1,37.1410101010101,2.45,0
"Petal.Width",99,-1,37.1410101010101,0.8,0
"Sepal.Length",99,-1,26.8010101010101,5.55,0
"Sepal.Width",99,1,19.5270898352294,3.35,0
"Petal.Width",0,-1,1,0.8,1
"Sepal.Length",0,-1,0.919191919191919,5.55,0.836734693877551
"Sepal.Width",0,1,0.858585858585859,3.35,0.714285714285714
"Petal.Length",50,-1,21.1202564102564,4.85,0
"Petal.Width",50,-1,19.3432528180354,1.65,0
"Sepal.Length",50,-1,6.82666666666666,6.35,0
"Sepal.Width",50,-1,3.96161030595813,2.95,0
"Petal.Width",0,-1,0.92,1.75,0.833333333333333
"Sepal.Length",0,-1,0.8,6.25,0.583333333333333
"Sepal.Width",0,-1,0.74,2.95,0.458333333333333
"Sepal.Length",26,1,0.923076923076922,4.95,0
"Petal.Width",26,-1,0.923076923076922,1.65,0
"Sepal.Width",26,1,0.145299145299144,2.55,0
"Petal.Length",26,-1,0.089743589743589,4.45,0
"Sepal.Width",2,-1,1,2.45,0
"Petal.Length",2,-1,1,3.9,0
"Petal.Width",2,-1,1,1.35,0
"Petal.Width",24,-1,0.916666666666666,1.55,0
"Petal.Length",24,-1,0.583333333333332,4.95,0
"Sepal.Length",24,1,0.116666666666666,6.85,0
"Sepal.Width",24,1,0.0833333333333324,3.05,0
"Sepal.Length",2,1,1,6.45,0
"Sepal.Width",2,1,1,2.65,0
"Petal.Length",2,-1,1,4.95,0
