"","count","ncat","improve","index","adj"
"Petal.Width",100,-1,36.1278205128205,1.65,0
"Petal.Length",100,-1,33.4066666666667,4.75,0
"Sepal.Length",100,-1,25.5798914518317,5.55,0
"Sepal.Width",100,1,12.5777896613191,3.05,0
"Petal.Length",0,-1,0.98,4.75,0.958333333333333
"Sepal.Length",0,-1,0.85,5.9,0.6875
"Sepal.Width",0,1,0.7,3.05,0.375
"Petal.Length",52,-1,25.6538461538462,2.6,0
"Petal.Width",52,-1,25.6538461538462,0.7,0
"Sepal.Length",52,-1,16.7538461538462,5.55,0
"Sepal.Width",52,1,10.1655578655579,2.95,0
"Petal.Width",0,-1,1,0.7,1
"Sepal.Length",0,-1,0.903846153846154,5.45,0.782608695652174
"Sepal.Width",0,1,0.807692307692308,2.95,0.565217391304348
"Petal.Width",48,-1,0.958333333333335,1.75,0
"Sepal.Length",48,1,0.0916666666666683,6.6,0
"Petal.Length",48,1,0.058333333333334,4.95,0
"Sepal.Width",48,1,0.0109649122807043,2.95,0
"Sepal.Length",2,1,1,5.8,0
"Sepal.Width",2,1,1,2.75,0
"Petal.Length",2,1,1,4.75,0
