"","count","ncat","improve","index","adj"
"Petal.Length",100,-1,37.2272727272727,2.35,0
"Petal.Width",100,-1,37.2272727272727,0.8,0
"Sepal.Length",100,-1,28.6818181818182,5.45,0
"Sepal.Width",100,1,20.5227272727273,3.05,0
"Petal.Width",0,-1,1,0.8,1
"Sepal.Length",0,-1,0.94,5.45,0.866666666666667
"Sepal.Width",0,1,0.85,3.05,0.666666666666667
"Petal.Length",55,-1,25.3496503496504,4.9,0
"Petal.Width",55,-1,21.6141251221896,1.7,0
"Sepal.Length",55,-1,6.08805828318024,6.65,0
"Sepal.Width",55,-1,3.08794466403162,2.95,0
"Petal.Width",0,-1,0.927272727272727,1.55,0.846153846153846
"Sepal.Length",0,-1,0.709090909090909,6.25,0.384615384615385
"Sepal.Width",0,-1,0.654545454545455,2.95,0.269230769230769
"Petal.Width",26,-1,0.589743589743589,1.7,0
"Sepal.Length",26,-1,0.323076923076922,6.05,0
"Sepal.Width",26,-1,0.323076923076922,2.75,0
"Petal.Length",26,-1,0.173076923076922,5.15,0
"Sepal.Width",0,-1,0.923076923076923,2.65,0.333333333333334
"Sepal.Width",3,1,1.33333333333333,2.65,0
"Petal.Width",3,1,1.33333333333333,1.55,0
"Sepal.Length",3,-1,0.333333333333333,6.05,0
"Petal.Length",3,1,0.333333333333333,5.05,0
