"","count","ncat","improve","index","adj"
"Petal.Length",100,-1,30.87,4.75,0
"Petal.Width",100,-1,30.0994520547945,0.7,0
"Sepal.Length",100,-1,22.7073015873016,5.55,0
"Sepal.Width",100,1,15.5047852268165,2.85,0
"Petal.Width",0,-1,0.98,1.55,0.928571428571428
"Sepal.Length",0,-1,0.83,6.6,0.392857142857143
"Petal.Length",72,-1,33.75,2.7,0
"Petal.Width",72,-1,33.75,0.7,0
"Sepal.Length",72,-1,24.5746753246753,5.55,0
"Sepal.Width",72,1,20.770979020979,2.95,0
"Petal.Width",0,-1,1,0.7,1
"Sepal.Length",0,-1,0.930555555555556,5.45,0.814814814814815
"Sepal.Width",0,1,0.888888888888889,2.95,0.703703703703704
