"","count","ncat","improve","index","adj"
"Petal.Length",99,-1,36.7113997113997,2.6,0
"Petal.Width",99,-1,36.7113997113997,0.8,0
"Sepal.Length",99,-1,26.6197607302258,5.45,0
"Sepal.Width",99,1,20.7050505050505,3.25,0
"Petal.Width",0,-1,1,0.8,1
"Sepal.Length",0,-1,0.929292929292929,5.45,0.833333333333333
"Sepal.Width",0,1,0.868686868686869,3.25,0.690476190476191
"Petal.Width",42,-1,18.3492063492063,1.75,0
"Petal.Length",42,-1,15.1380952380952,4.85,0
"Sepal.Length",42,-1,4.22894192001743,6.05,0
"Sepal.Width",42,-1,1.85971685971686,2.45,0
"Petal.Length",0,-1,0.928571428571429,4.75,0.833333333333333
"Sepal.Length",0,-1,0.69047619047619,6.05,0.277777777777778
"Sepal.Width",0,-1,0.642857142857143,3.15,0.166666666666667
"Petal.Length",18,-1,1.88888888888889,4.85,0
"Sepal.Length",18,-1,0.388888888888889,6,0
"Sepal.Width",18,1,0.288888888888889,3.15,0
"Petal.Width",18,-1,0.288888888888889,1.85,0
