"","count","ncat","improve","index","adj"
"Petal.Width",99,-1,35.6957575757576,1.75,0
"Petal.Length",99,-1,32.915380217267,4.8,0
"Sepal.Length",99,-1,20.8413002522592,5.55,0
"Sepal.Width",99,1,11.2131202131202,3.25,0
"Petal.Length",0,-1,0.96969696969697,5.05,0.938775510204082
"Sepal.Length",0,-1,0.868686868686869,6.35,0.73469387755102
"Sepal.Width",0,-1,0.616161616161616,3.15,0.224489795918367
"Petal.Length",50,-1,23.9540740740741,2.6,0
"Petal.Width",50,-1,23.9540740740741,0.75,0
"Sepal.Width",50,1,15.38,3.15,0
"Sepal.Length",50,-1,13.6255716586151,5.45,0
"Petal.Width",0,-1,1,0.75,1
"Sepal.Width",0,1,0.9,3.15,0.782608695652174
"Sepal.Length",0,-1,0.88,5.45,0.739130434782609
"Petal.Length",27,-1,0.925925925925927,4.95,0
"Sepal.Width",27,1,0.592592592592594,2.25,0
"Petal.Width",27,-1,0.211640211640213,1.45,0
"Sepal.Length",27,-1,0.0925925925925937,5.95,0
"Sepal.Length",2,1,1,6.35,0
"Sepal.Width",2,1,1,2.6,0
"Petal.Width",2,1,1,1.6,0
