"","count","ncat","improve","index","adj"
"Petal.Length",99,-1,37.200404040404,2.5,0
"Petal.Width",99,-1,37.200404040404,0.7,0
"Sepal.Length",99,-1,26.16632996633,5.55,0
"Sepal.Width",99,1,20.6093263461684,3.35,0
"Petal.Width",0,-1,1,0.7,1
"Sepal.Length",0,-1,0.909090909090909,5.45,0.816326530612245
"Sepal.Width",0,1,0.868686868686869,3.35,0.73469387755102
"Petal.Length",50,-1,19.5323076923077,5.05,0
"Petal.Width",50,-1,19.2502564102564,1.55,0
"Sepal.Length",50,-1,4.73049919484702,6.25,0
"Sepal.Width",50,-1,3.14595813204509,2.95,0
"Petal.Width",0,-1,0.94,1.75,0.875
"Sepal.Length",0,-1,0.78,6.15,0.541666666666667
"Sepal.Width",0,-1,0.74,2.95,0.458333333333333
"Petal.Width",26,-1,2.06131549609811,1.6,0
"Petal.Length",26,-1,1.3986013986014,4.8,0
"Sepal.Length",26,1,0.641025641025641,4.95,0
"Sepal.Width",26,1,0.432692307692308,2.85,0
"Petal.Length",23,-1,1.91304347826087,4.95,0
"Sepal.Width",23,1,0.579710144927535,2.25,0
"Petal.Width",23,-1,0.246376811594202,1.45,0
"Sepal.Length",23,-1,0.0797101449275355,5.9,0
"Sepal.Length",3,1,1.33333333333333,6.15,0
"Sepal.Width",3,1,1.33333333333333,2.9,0
"Petal.Length",3,1,1.33333333333333,4.95,0
"Petal.Width",3,-1,0.333333333333333,1.85,0
