"","count","ncat","improve","index","adj"
"Petal.Length",99,-1,32.9804664289958,4.75,0
"Petal.Width",99,-1,32.7437963927326,1.75,0
"Sepal.Length",99,-1,22.9530312613804,5.55,0
"Sepal.Width",99,1,15.2525252525253,3.35,0
"Petal.Width",0,-1,0.98989898989899,1.55,0.979166666666667
"Sepal.Length",0,-1,0.878787878787879,6.25,0.75
"Sepal.Width",0,1,0.707070707070707,2.85,0.395833333333333
"Petal.Length",48,-1,23.9583333333333,2.45,0
"Petal.Width",48,-1,23.9583333333333,0.8,0
"Sepal.Length",48,-1,15.0416666666667,5.45,0
"Sepal.Width",48,1,13.0208333333333,2.95,0
"Petal.Width",0,-1,1,0.8,1
"Sepal.Length",0,-1,0.895833333333333,5.45,0.782608695652174
"Sepal.Width",0,1,0.854166666666667,2.95,0.695652173913043
"Petal.Width",51,-1,1.68961201501877,1.75,0
"Petal.Length",51,-1,1.28342245989305,5.15,0
"Sepal.Length",51,-1,1.02483660130719,6.05,0
"Sepal.Width",51,1,0.480392156862748,3.15,0
"Petal.Length",4,-1,2,5.35,0
"Sepal.Length",4,-1,0.666666666666667,6.05,0
"Sepal.Width",4,1,0.666666666666667,2.65,0
"Petal.Width",4,1,0.666666666666667,1.5,0
"Petal.Length",47,-1,0.957446808510639,4.85,0
"Sepal.Width",47,1,0.624113475177306,3.15,0
"Sepal.Length",47,-1,0.457446808510639,5.95,0
"Petal.Width",47,-1,0.207446808510639,1.85,0
"Sepal.Length",2,-1,1,5.95,0
"Sepal.Width",2,1,1,3.1,0
