"","count","ncat","improve","index","adj"
"Petal.Length",100,-1,31.6567197062424,4.75,0
"Petal.Width",100,-1,30.2001282051282,1.75,0
"Sepal.Length",100,-1,22.530220214568,5.45,0
"Sepal.Width",100,1,15.489918699187,3.35,0
"Petal.Width",0,-1,0.95,1.65,0.883720930232558
"Sepal.Length",0,-1,0.86,5.85,0.674418604651163
"Sepal.Width",0,1,0.74,3.25,0.395348837209302
"Petal.Length",43,-1,20.3790697674419,2.5,0
"Petal.Width",43,-1,20.3790697674419,0.75,0
"Sepal.Length",43,-1,14.9399393326593,5.45,0
"Sepal.Width",43,1,11.8627801746817,2.95,0
"Petal.Width",0,-1,1,0.75,1
"Sepal.Length",0,-1,0.906976744186046,5.45,0.8
"Sepal.Width",0,1,0.883720930232558,2.95,0.75
"Sepal.Length",20,1,1.9,4.95,0
"Petal.Width",20,-1,1.9,1.65,0
"Sepal.Width",20,1,0.185714285714286,2.55,0
"Petal.Length",20,-1,0.122222222222223,4.45,0
"Petal.Length",57,-1,2.25563909774436,5.05,0
"Petal.Width",57,-1,1.32267206477733,1.75,0
"Sepal.Width",57,1,0.684210526315792,2.95,0
"Sepal.Length",57,1,0.265162907268173,6.6,0
"Sepal.Width",7,1,1.92857142857143,2.9,0
"Sepal.Length",7,1,1.82857142857143,6.5,0
"Petal.Width",7,-1,1.82857142857143,1.75,0
"Petal.Length",7,1,0.028571428571428,4.95,0
"Petal.Width",0,-1,0.857142857142857,1.85,0.666666666666667
"Sepal.Length",0,1,0.714285714285714,6.5,0.333333333333333
"Petal.Length",0,-1,0.714285714285714,4.85,0.333333333333333
"Sepal.Length",4,1,0.5,6.35,0
"Sepal.Width",4,1,0.5,3.05,0
"Petal.Length",4,1,0.5,4.85,0
"Petal.Width",4,-1,0.5,1.75,0
"Petal.Length",0,1,1,4.85,1
"Petal.Width",0,-1,1,1.75,1
"Sepal.Length",2,-1,1,5.95,0
"Sepal.Width",2,1,1,3.1,0
