"","count","ncat","improve","index","adj"
"Petal.Length",100,-1,37.277037037037,2.45,0
"Petal.Width",100,-1,37.277037037037,0.8,0
"Sepal.Length",100,-1,27.724593837535,5.45,0
"Sepal.Width",100,1,21.9233333333333,3.35,0
"Petal.Width",0,-1,1,0.8,1
"Sepal.Length",0,-1,0.93,5.45,0.847826086956522
"Sepal.Width",0,1,0.88,3.25,0.739130434782609
"Petal.Width",54,-1,21.5436081242533,1.75,0
"Petal.Length",54,-1,19.6827431827432,4.75,0
"Sepal.Length",54,-1,7.25925925925926,6.25,0
"Sepal.Width",54,-1,1.8962962962963,3.15,0
"Petal.Length",0,-1,0.907407407407407,4.75,0.782608695652174
"Sepal.Length",0,-1,0.777777777777778,6.25,0.478260869565217
"Sepal.Width",0,-1,0.685185185185185,2.95,0.260869565217391
"Sepal.Length",31,1,1.68602150537634,4.95,0
"Petal.Length",31,-1,1.49342891278375,4.95,0
"Petal.Width",31,-1,0.919354838709678,1.45,0
"Sepal.Width",31,1,0.419354838709678,2.85,0
"Petal.Length",30,-1,1.73333333333333,4.95,0
"Sepal.Width",30,1,0.474074074074073,2.25,0
"Petal.Width",30,-1,0.46060606060606,1.45,0
"Sepal.Length",30,-1,0.304761904761904,5.95,0
"Petal.Width",0,-1,0.9,1.55,0.25
"Petal.Width",4,1,2,1.55,0
"Sepal.Length",4,1,0.666666666666667,6.5,0
"Sepal.Width",4,1,0.666666666666667,2.45,0
