"","count","ncat","improve","index","adj"
"Petal.Length",100,-1,27.2236363636364,2.45,0
"Petal.Width",100,-1,27.2236363636364,0.8,0
"Sepal.Length",100,-1,18.421829474873,5.45,0
"Sepal.Width",100,1,15.5190909090909,2.95,0
"Petal.Width",0,-1,1,0.8,1
"Sepal.Length",0,-1,0.94,5.45,0.739130434782608
"Sepal.Width",0,1,0.89,3.35,0.521739130434783
"Petal.Width",77,-1,29.9825174825175,1.75,0
"Petal.Length",77,-1,20.4294670846395,5.2,0
"Sepal.Length",77,-1,15.6771799628943,6.15,0
"Sepal.Width",77,-1,9.24827990045382,2.95,0
"Petal.Length",0,-1,0.896103896103896,5.2,0.68
"Sepal.Length",0,-1,0.857142857142857,6.15,0.56
"Sepal.Width",0,-1,0.818181818181818,2.95,0.44
"Petal.Length",52,-1,1.8107088989442,5.35,0
"Sepal.Width",52,1,0.483778126635269,2.3,0
"Sepal.Length",52,-1,0.42989936892376,6.05,0
"Petal.Width",52,1,0.373846153846155,1.55,0
"Sepal.Width",51,1,0.551470588235291,2.3,0
"Sepal.Length",51,-1,0.286615515771526,6.25,0
"Petal.Width",51,1,0.176470588235293,1.55,0
"Petal.Length",51,-1,0.128851540616246,4.95,0
"Sepal.Length",48,-1,0.358333333333335,6.25,0
"Sepal.Width",48,-1,0.101190476190478,2.75,0
"Petal.Width",48,1,0.0535714285714293,1.55,0
"Petal.Length",48,-1,0.0352564102564124,5.05,0
"Petal.Length",5,-1,1.6,5.05,0
"Sepal.Length",5,1,0.6,6.4,0
"Sepal.Width",5,1,0.266666666666667,2.9,0
"Petal.Width",5,1,0.1,1.6,0
"Petal.Length",3,-1,1.33333333333333,4.75,0
"Sepal.Length",3,1,0.333333333333333,6.1,0
"Petal.Width",3,-1,0.333333333333333,1.25,0
