"","count","ncat","improve","index","adj"
"Petal.Width",100,-1,34.4617984745082,1.65,0
"Petal.Length",100,-1,31.6083259735046,4.85,0
"Sepal.Length",100,-1,21.6296434634975,5.85,0
"Sepal.Width",100,-1,8.24100361300682,3.25,0
"Petal.Length",0,-1,0.95,4.75,0.893617021276596
"Sepal.Length",0,-1,0.84,6.25,0.659574468085106
"Sepal.Width",0,-1,0.64,3.25,0.234042553191489
"Petal.Length",53,-1,25.3897202342225,2.6,0
"Petal.Width",53,-1,25.3897202342225,0.8,0
"Sepal.Length",53,-1,13.5293261455526,5.45,0
"Sepal.Width",53,1,12.1023639123834,3.15,0
"Petal.Width",0,-1,1,0.8,1
"Sepal.Length",0,-1,0.867924528301887,5.45,0.708333333333333
"Sepal.Width",0,1,0.849056603773585,3.15,0.666666666666667
"Sepal.Length",29,-1,1.93103448275862,7.1,0
"Petal.Length",29,-1,1.93103448275862,5.45,0
"Petal.Width",29,-1,0.43103448275862,1.55,0
"Sepal.Width",29,-1,0.112852664576801,2.95,0
"Sepal.Length",47,-1,0.624113475177306,5.95,0
"Petal.Length",47,-1,0.624113475177306,4.85,0
"Petal.Width",47,-1,0.207446808510639,1.85,0
"Sepal.Width",47,-1,0.0685579196217501,3.25,0
"Petal.Length",0,-1,0.957446808510638,4.85,0.333333333333334
"Sepal.Width",3,1,1.33333333333333,3.1,0
"Sepal.Length",3,1,0.333333333333333,5.4,0
"Petal.Length",3,1,0.333333333333333,4.65,0
"Petal.Width",3,1,0.333333333333333,1.75,0
