"","count","ncat","improve","index","adj"
"Petal.Width",99,-1,32.8934629311988,1.7,0
"Petal.Length",99,-1,32.7701277480689,4.95,0
"Sepal.Length",99,-1,23.2735726549359,5.75,0
"Sepal.Width",99,1,15.093967847489,3.15,0
"Petal.Length",0,-1,0.939393939393939,4.95,0.869565217391304
"Sepal.Length",0,-1,0.878787878787879,6.15,0.739130434782609
"Sepal.Width",0,-1,0.606060606060606,2.95,0.152173913043478
"Petal.Length",53,-1,23.8282368249837,2.45,0
"Petal.Width",53,-1,23.8282368249837,0.8,0
"Sepal.Width",53,1,18.8950471698113,3.15,0
"Sepal.Length",53,-1,11.6046486190867,5.55,0
"Petal.Width",0,-1,1,0.8,1
"Sepal.Width",0,1,0.943396226415094,3.05,0.875
"Sepal.Length",0,-1,0.849056603773585,5.45,0.666666666666667
"Petal.Length",29,-1,3.87931034482759,4.95,0
"Sepal.Length",29,-1,0.66502463054187,5.95,0
"Petal.Width",29,-1,0.66502463054187,1.35,0
"Sepal.Width",29,1,0.279310344827586,2.85,0
"Petal.Width",4,1,1.5,1.55,0
"Sepal.Length",4,-1,0.5,6.05,0
"Sepal.Width",4,1,0.5,2.65,0
"Petal.Length",4,1,0.166666666666667,5.05,0
