"","count","ncat","improve","index","adj"
"Petal.Length",100,-1,37.58,2.45,0
"Petal.Width",100,-1,37.58,0.7,0
"Sepal.Length",100,-1,28.0726610644258,5.45,0
"Sepal.Width",100,1,20.9561077111383,3.35,0
"Petal.Width",0,-1,1,0.7,1
"Sepal.Length",0,-1,0.93,5.45,0.86
"Sepal.Width",0,1,0.87,3.35,0.74
"Petal.Width",50,-1,18.0251851851852,1.75,0
"Petal.Length",50,-1,17.5559277504105,4.75,0
"Sepal.Length",50,-1,5.23916839916841,5.75,0
"Sepal.Width",50,-1,0.881666666666671,3.5,0
"Petal.Length",0,-1,0.88,4.75,0.739130434782609
"Sepal.Length",0,-1,0.76,6.35,0.478260869565217
"Sepal.Width",0,-1,0.64,2.65,0.217391304347826
"Petal.Length",27,-1,3.40177133655394,4.95,0
"Sepal.Length",27,1,1.50712250712251,4.95,0
"Petal.Width",27,-1,1.48624338624338,1.45,0
"Sepal.Width",27,1,0.814814814814814,2.85,0
"Sepal.Length",23,1,1.91304347826087,4.95,0
"Petal.Width",23,-1,1.91304347826087,1.65,0
"Sepal.Width",23,1,0.246376811594202,2.55,0
"Petal.Length",23,-1,0.246376811594202,4.45,0
"Sepal.Length",4,1,1.5,6.5,0
"Sepal.Width",4,1,1.5,2.9,0
"Petal.Width",4,1,1.5,1.6,0
"Petal.Length",4,-1,0.5,5.05,0
