"","count","ncat","improve","index","adj"
"Petal.Length",99,-1,26.3030303030303,2.45,0
"Petal.Width",99,-1,26.3030303030303,0.8,0
"Sepal.Width",99,1,19.8844488844489,3.35,0
"Sepal.Length",99,-1,18.2945045821758,5.55,0
"Petal.Width",0,-1,1,0.8,1
"Sepal.Width",0,1,0.94949494949495,3.35,0.772727272727273
"Sepal.Length",0,-1,0.939393939393939,5.45,0.727272727272728
"Petal.Length",77,-1,28.0662278897573,4.85,0
"Petal.Width",77,-1,20.4294670846395,1.85,0
"Sepal.Length",77,-1,12.0918234064786,6.15,0
"Sepal.Width",77,1,5.1969696969697,3.05,0
"Petal.Width",0,-1,0.909090909090909,1.85,0.730769230769231
"Sepal.Length",0,-1,0.857142857142857,6.25,0.576923076923077
"Sepal.Width",0,-1,0.701298701298701,3.25,0.115384615384615
"Sepal.Length",51,1,1.80705882352941,5,0
"Sepal.Width",51,1,0.429667519181587,3.05,0
"Petal.Width",51,-1,0.289915966386557,1.65,0
"Petal.Length",51,-1,0.133545310015901,4.45,0
"Sepal.Length",50,-1,0.455384615384617,5.95,0
"Sepal.Width",50,1,0.203636363636365,3.05,0
"Petal.Width",50,-1,0.136296296296298,1.7,0
"Petal.Length",50,-1,0.125714285714288,4.75,0
"Sepal.Width",0,1,0.78,2.35,0.153846153846154
"Petal.Width",13,-1,3.38461538461538,1.7,0
"Petal.Length",13,-1,2.05128205128205,4.75,0
"Sepal.Length",13,1,0.566433566433566,6.05,0
"Sepal.Width",13,1,0.184615384615384,3.05,0
"Petal.Length",0,-1,0.923076923076923,4.75,0.5
"Petal.Width",26,-1,0.923076923076922,1.75,0
"Petal.Length",26,-1,0.589743589743589,5.05,0
"Sepal.Length",26,1,0.0769230769230766,6.6,0
"Sepal.Width",26,1,0.056410256410256,2.95,0
"Sepal.Length",2,-1,1,6.95,0
"Petal.Length",2,-1,1,5.4,0
"Petal.Width",2,1,1,1.65,0
