"","count","ncat","improve","index","adj"
"Petal.Length",100,-1,31.578904109589,2.45,0
"Petal.Width",100,-1,31.578904109589,0.8,0
"Sepal.Width",100,1,20.015823215153,3.15,0
"Sepal.Length",100,-1,18.8866666666667,5.45,0
"Petal.Width",0,-1,1,0.8,1
"Sepal.Length",0,-1,0.91,5.45,0.666666666666667
"Sepal.Width",0,1,0.91,3.35,0.666666666666667
"Petal.Width",73,-1,25.1788317394676,1.65,0
"Petal.Length",73,-1,21.8984933948673,4.75,0
"Sepal.Length",73,-1,10.448720523842,6.65,0
"Sepal.Width",73,-1,5.04986782023552,2.95,0
"Petal.Length",0,-1,0.945205479452055,4.75,0.8
"Sepal.Length",0,-1,0.849315068493151,6.65,0.45
"Sepal.Width",0,-1,0.808219178082192,2.95,0.3
"Petal.Length",53,-1,0.962264150943396,5,0
"Petal.Width",53,-1,0.247978436657682,1.45,0
"Sepal.Length",53,-1,0.212264150943396,6.25,0
"Sepal.Width",53,-1,0.016318204997452,2.75,0
"Sepal.Length",2,-1,1,6.15,0
"Sepal.Width",2,-1,1,2.75,0
"Petal.Width",2,1,1,1.55,0
"Petal.Length",20,-1,0.566666666666667,4.85,0
"Sepal.Width",20,1,0.300000000000001,3.15,0
"Sepal.Length",20,-1,0.233333333333334,5.95,0
"Petal.Width",20,-1,0.233333333333334,1.85,0
"Sepal.Width",3,1,1.33333333333333,3.1,0
"Sepal.Length",3,1,0.333333333333333,5.4,0
"Petal.Length",3,1,0.333333333333333,4.65,0
"Petal.Width",3,1,0.333333333333333,1.75,0
