"","count","ncat","improve","index","adj"
"Petal.Length",100,-1,33.4285714285714,2.45,0
"Petal.Width",100,-1,33.4285714285714,0.8,0
"Sepal.Length",100,-1,24,5.45,0
"Sepal.Width",100,1,21.4070512820513,2.95,0
"Petal.Width",0,-1,1,0.8,1
"Sepal.Length",0,-1,0.94,5.45,0.8
"Sepal.Width",0,1,0.88,3.35,0.6
"Petal.Length",70,-1,24.7114285714286,4.95,0
"Petal.Width",70,-1,22.8335544744213,1.7,0
"Sepal.Length",70,-1,11.7338217338217,6.25,0
"Sepal.Width",70,-1,6.43809523809524,2.65,0
"Petal.Width",0,-1,0.928571428571429,1.7,0.75
"Sepal.Length",0,-1,0.857142857142857,6.25,0.5
"Sepal.Width",0,-1,0.757142857142857,3.05,0.15
"Petal.Width",50,-1,0.960000000000001,1.7,0
"Petal.Length",50,-1,0.626666666666667,4.75,0
"Sepal.Width",50,-1,0.210000000000001,2.95,0
"Sepal.Length",50,-1,0.141818181818182,5.95,0
"Petal.Length",0,-1,0.98,4.75,0.5
"Sepal.Length",2,-1,1,5.95,0
"Sepal.Width",2,1,1,3.1,0
"Petal.Width",20,-1,0.566666666666667,1.7,0
"Sepal.Length",20,-1,0.300000000000001,6.1,0
"Sepal.Width",20,-1,0.185714285714286,2.75,0
"Petal.Length",20,-1,0.150000000000001,5.2,0
"Petal.Width",3,1,1.33333333333333,1.55,0
"Sepal.Length",3,-1,0.333333333333333,6.15,0
"Sepal.Width",3,1,0.333333333333333,2.45,0
"Petal.Length",3,1,0.333333333333333,5.05,0
