"","count","ncat","improve","index","adj"
"Petal.Width",99,-1,32.9520944741533,1.65,0
"Petal.Length",99,-1,31.423994445271,4.85,0
"Sepal.Length",99,-1,21.2989515517557,5.75,0
"Sepal.Width",99,1,9.59044289044289,2.95,0
"Petal.Length",0,-1,0.94949494949495,4.75,0.895833333333333
"Sepal.Length",0,-1,0.858585858585859,5.75,0.708333333333333
"Sepal.Width",0,1,0.676767676767677,2.85,0.333333333333333
"Petal.Length",48,-1,21.4841954022989,2.45,0
"Petal.Width",48,-1,21.4841954022989,0.7,0
"Sepal.Length",48,-1,13.2013403263403,5.45,0
"Sepal.Width",48,1,10.3300264550265,2.95,0
"Petal.Width",0,-1,1,0.7,1
"Sepal.Length",0,-1,0.895833333333333,5.45,0.736842105263158
"Sepal.Width",0,1,0.833333333333333,2.95,0.578947368421053
"Petal.Length",29,-1,2.39080459770115,5,0
"Sepal.Length",29,-1,0.724137931034483,6.05,0
"Petal.Width",29,-1,0.451410658307211,1.35,0
"Sepal.Width",29,1,0.168582375478927,2.85,0
"Sepal.Length",3,-1,1.33333333333333,6.05,0
"Petal.Width",3,1,1.33333333333333,1.55,0
"Sepal.Width",3,1,0.333333333333333,2.65,0
"Petal.Length",3,-1,0.333333333333333,5.35,0
"Petal.Length",51,-1,0.627450980392159,4.85,0
"Sepal.Width",51,1,0.294117647058826,3.15,0
"Petal.Width",51,-1,0.160784313725492,1.85,0
"Sepal.Length",51,1,0.0516934046345838,5.85,0
"Sepal.Width",3,1,1.33333333333333,3,0
"Sepal.Length",3,1,0.333333333333333,5.4,0
"Petal.Length",3,1,0.333333333333333,4.65,0
"Petal.Width",3,1,0.333333333333333,1.75,0
