"","count","ncat","improve","index","adj"
"Petal.Length",99,-1,29.013104013104,2.45,0
"Petal.Width",99,-1,29.013104013104,0.8,0
"Sepal.Length",99,-1,20.7409165547097,5.45,0
"Sepal.Width",99,1,12.8156167123169,3.35,0
"Petal.Width",0,-1,1,0.8,1
"Sepal.Length",0,-1,0.939393939393939,5.45,0.76
"Sepal.Width",0,1,0.878787878787879,3.35,0.52
"Petal.Length",74,-1,25.8173279662641,4.75,0
"Petal.Width",74,-1,23.8144018144018,1.75,0
"Sepal.Length",74,-1,10.9111384111384,5.95,0
"Sepal.Width",74,1,2.27539993106385,2.95,0
"Petal.Width",0,-1,0.932432432432432,1.65,0.814814814814815
"Sepal.Length",0,-1,0.824324324324324,5.95,0.518518518518519
"Sepal.Width",0,-1,0.662162162162162,3.05,0.0740740740740742
"Petal.Width",47,-1,1.95744680851064,1.65,0
"Sepal.Length",47,1,0.957446808510639,4.95,0
"Sepal.Width",47,1,0.243161094224925,2.55,0
"Petal.Length",47,-1,0.179669030732861,4.45,0
"Petal.Length",27,-1,1.42028985507247,4.85,0
"Petal.Width",27,-1,1.02424242424243,1.75,0
"Sepal.Length",27,1,0.250980392156864,6.6,0
"Sepal.Width",27,1,0.190476190476191,2.75,0
"Sepal.Length",4,-1,0.666666666666667,5.95,0
"Sepal.Width",4,1,0.666666666666667,3.1,0
"Petal.Width",4,-1,0.666666666666667,1.6,0
"Sepal.Length",3,1,1.33333333333333,6.5,0
"Petal.Width",3,-1,1.33333333333333,1.6,0
"Sepal.Width",3,-1,0.333333333333333,2.9,0
"Petal.Width",23,-1,0.413043478260869,1.75,0
"Petal.Length",23,-1,0.313043478260869,5.05,0
"Sepal.Length",23,1,0.135265700483091,6.6,0
"Sepal.Width",23,1,0.113043478260869,2.95,0
"Petal.Length",4,-1,1.5,5.05,0
"Petal.Width",4,1,1.5,1.65,0
"Sepal.Length",4,1,0.5,6.5,0
"Sepal.Width",4,1,0.5,2.9,0
