"","count","ncat","improve","index","adj"
"Petal.Length",100,-1,30.5432876712329,2.6,0
"Petal.Width",100,-1,30.5432876712329,0.75,0
"Sepal.Length",100,-1,21.5113242009133,5.45,0
"Sepal.Width",100,1,16.733528703332,2.95,0
"Petal.Width",0,-1,1,0.75,1
"Sepal.Length",0,-1,0.94,5.45,0.777777777777778
"Sepal.Width",0,1,0.86,3.35,0.481481481481481
"Petal.Length",73,-1,30.9536354056902,4.85,0
"Petal.Width",73,-1,27.1233109682229,1.7,0
"Sepal.Length",73,-1,5.76866635175563,6.45,0
"Sepal.Width",73,-1,3.65407081933317,2.95,0
"Petal.Width",0,-1,0.945205479452055,1.7,0.846153846153846
"Sepal.Length",0,-1,0.767123287671233,6.45,0.346153846153846
"Sepal.Width",0,-1,0.726027397260274,2.95,0.230769230769231
"Petal.Length",26,-1,0.589743589743589,4.95,0
"Petal.Width",26,-1,0.589743589743589,1.65,0
"Sepal.Length",26,1,0.208791208791208,6.85,0
"Sepal.Width",26,1,0.123076923076923,3.05,0
"Sepal.Length",3,1,1.33333333333333,6.6,0
"Sepal.Width",3,1,1.33333333333333,2.95,0
"Petal.Width",3,-1,1.33333333333333,1.65,0
