"","count","ncat","improve","index","adj"
"Petal.Width",100,-1,36.0601282051282,1.75,0
"Petal.Length",100,-1,33.2588461538462,4.85,0
"Sepal.Length",100,-1,26.8066666666667,5.45,0
"Sepal.Width",100,1,11.3214634146342,3.35,0
"Petal.Length",0,-1,0.97,4.75,0.9375
"Sepal.Length",0,-1,0.85,6.15,0.6875
"Sepal.Width",0,1,0.67,3.05,0.3125
"Petal.Length",48,-1,23.9583333333333,2.7,0
"Petal.Width",48,-1,23.9583333333333,0.8,0
"Sepal.Length",48,-1,20.2783333333333,5.3,0
"Sepal.Width",48,1,12.0072843822844,3.05,0
"Petal.Width",0,-1,1,0.8,1
"Sepal.Length",0,-1,0.958333333333333,5.3,0.91304347826087
"Sepal.Width",0,1,0.854166666666667,3.05,0.695652173913043
"Petal.Length",52,-1,0.961538461538463,4.85,0
"Sepal.Length",52,-1,0.361538461538463,6,0
"Sepal.Width",52,1,0.247252747252749,3.15,0
"Petal.Width",52,-1,0.161538461538464,1.85,0
"Sepal.Length",2,-1,1,6.05,0
"Sepal.Width",2,1,1,3,0
