"","count","ncat","improve","index","adj"
"Petal.Length",99,-1,29.5508509755085,2.45,0
"Petal.Width",99,-1,29.5508509755085,0.8,0
"Sepal.Width",99,1,19.1714795008913,3.05,0
"Sepal.Length",99,-1,18.3089750624962,5.45,0
"Petal.Width",0,-1,1,0.8,1
"Sepal.Length",0,-1,0.919191919191919,5.35,0.692307692307693
"Sepal.Width",0,1,0.888888888888889,3.35,0.576923076923077
"Petal.Length",73,-1,31.5535261288686,4.7,0
"Petal.Width",73,-1,29.642717360917,1.7,0
"Sepal.Length",73,-1,16.7619917373342,6.05,0
"Sepal.Width",73,-1,7.52187629721876,2.75,0
"Petal.Width",0,-1,0.958904109589041,1.7,0.888888888888889
"Sepal.Length",0,-1,0.876712328767123,6.05,0.666666666666667
"Sepal.Width",0,-1,0.753424657534247,2.75,0.333333333333333
"Petal.Length",27,-1,0.925925925925927,4.85,0
"Petal.Width",27,-1,0.925925925925927,1.45,0
"Sepal.Length",27,1,0.211640211640213,6.75,0
"Sepal.Width",27,-1,0.0687830687830704,2.9,0
"Sepal.Length",2,1,1,6.5,0
"Petal.Width",2,-1,1,1.6,0
