"","count","ncat","improve","index","adj"
"Petal.Length",99,-1,27.4343434343434,2.6,0
"Petal.Width",99,-1,27.4343434343434,0.75,0
"Sepal.Length",99,-1,19.7733114933115,5.4,0
"Sepal.Width",99,1,18.2850965500251,2.95,0
"Petal.Width",0,-1,1,0.75,1
"Sepal.Length",0,-1,0.94949494949495,5.4,0.772727272727273
"Sepal.Width",0,1,0.909090909090909,3.15,0.590909090909091
"Petal.Width",77,-1,28.5805422647528,1.75,0
"Petal.Length",77,-1,25.2954545454545,4.75,0
"Sepal.Length",77,-1,10.2170761670762,5.75,0
"Sepal.Width",77,-1,6.49645273057251,2.95,0
"Petal.Length",0,-1,0.948051948051948,4.75,0.8
"Sepal.Length",0,-1,0.831168831168831,6.25,0.35
"Sepal.Width",0,-1,0.805194805194805,2.95,0.25
"Petal.Length",57,-1,1.96491228070176,5.35,0
"Sepal.Length",57,-1,0.118758434547912,6.05,0
"Petal.Width",57,-1,0.118758434547912,1.35,0
"Sepal.Width",57,1,0.0204678362573125,2.65,0
