"","count","ncat","improve","index","adj"
"Petal.Length",99,-1,37.1767676767677,2.6,0
"Petal.Width",99,-1,37.1767676767677,0.8,0
"Sepal.Length",99,-1,28.6596108140226,5.45,0
"Sepal.Width",99,1,18.310101010101,3.05,0
"Petal.Width",0,-1,1,0.8,1
"Sepal.Length",0,-1,0.939393939393939,5.45,0.875
"Sepal.Width",0,1,0.828282828282828,3.05,0.645833333333333
"Petal.Length",48,-1,21.9074074074074,4.75,0
"Petal.Width",48,-1,20.1190476190476,1.65,0
"Sepal.Length",48,-1,6.94444444444445,5.95,0
"Sepal.Width",48,-1,3.44652014652015,3.05,0
"Petal.Width",0,-1,0.958333333333333,1.75,0.904761904761905
"Sepal.Length",0,-1,0.770833333333333,5.95,0.476190476190476
"Sepal.Width",0,-1,0.708333333333333,3.05,0.333333333333333
"Sepal.Length",27,1,1.92592592592593,4.95,0
"Petal.Width",27,-1,1.92592592592593,1.65,0
"Sepal.Width",27,1,0.175925925925927,2.55,0
"Petal.Length",27,-1,0.125925925925927,4.45,0
