"","count","ncat","improve","index","adj"
"Petal.Width",99,-1,32.8451178451178,1.75,0
"Petal.Length",99,-1,31.639736136879,4.75,0
"Sepal.Length",99,-1,21.2129933107163,5.55,0
"Sepal.Width",99,1,17.1123450723451,3.25,0
"Petal.Length",0,-1,0.94949494949495,4.75,0.888888888888889
"Sepal.Length",0,-1,0.777777777777778,5.65,0.511111111111111
"Sepal.Width",0,1,0.727272727272727,2.6,0.4
"Petal.Length",54,-1,24.3835978835979,2.6,0
"Petal.Width",54,-1,24.3835978835979,0.8,0
"Sepal.Width",54,1,15.8841890166028,3.05,0
"Sepal.Length",54,-1,12.7022792022792,5.45,0
"Petal.Width",0,-1,1,0.8,1
"Sepal.Width",0,1,0.907407407407407,3.05,0.807692307692308
"Sepal.Length",0,-1,0.851851851851852,5.45,0.692307692307692
"Sepal.Length",28,1,1.65343915343915,4.95,0
"Petal.Length",28,-1,1.65343915343915,5.45,0
"Petal.Width",28,-1,1.04409937888199,1.55,0
"Sepal.Width",28,1,0.595238095238092,2.6,0
"Sepal.Length",27,-1,1.78062678062678,7.1,0
"Petal.Length",27,-1,1.78062678062678,5.45,0
"Sepal.Width",27,1,0.453703703703705,2.25,0
"Petal.Width",27,-1,0.430976430976431,1.45,0
"Sepal.Width",26,1,0.589743589743589,2.25,0
"Petal.Length",26,-1,0.589743589743589,4.9,0
"Petal.Width",26,-1,0.123076923076923,1.45,0
"Sepal.Length",26,-1,0.056410256410256,5.9,0
"Petal.Length",3,-1,1.33333333333333,4.5,0
"Petal.Width",3,-1,1.33333333333333,1.25,0
"Sepal.Length",3,-1,0.333333333333333,5.5,0
"Sepal.Width",3,-1,0.333333333333333,2.1,0
