"","count","ncat","improve","index","adj"
"Petal.Length",100,-1,31.5544444444445,2.6,0
"Petal.Width",100,-1,31.5544444444445,0.75,0
"Sepal.Length",100,-1,22.3639682539683,5.45,0
"Sepal.Width",100,1,14.7415789473684,3.25,0
"Petal.Width",0,-1,1,0.75,1
"Sepal.Length",0,-1,0.94,5.45,0.785714285714286
"Sepal.Width",0,1,0.86,3.25,0.5
"Petal.Width",72,-1,27.4333284038253,1.75,0
"Petal.Length",72,-1,25.9978632478632,4.75,0
"Sepal.Length",72,-1,6.06313131313131,7,0
"Sepal.Width",72,-1,3.36362007168459,3.15,0
"Petal.Length",0,-1,0.958333333333333,4.75,0.869565217391304
"Sepal.Length",0,-1,0.763888888888889,6.75,0.260869565217391
"Sepal.Width",0,-1,0.763888888888889,3.15,0.260869565217391
"Petal.Length",49,-1,1.95918367346939,5.3,0
"Sepal.Width",49,1,0.18140589569161,2.7,0
"Sepal.Length",49,1,0.076830732292918,6.15,0
"Petal.Width",49,1,0.076830732292918,1.45,0
"Petal.Length",23,-1,0.579710144927535,4.85,0
"Sepal.Length",23,-1,0.313043478260869,5.95,0
"Sepal.Width",23,1,0.163043478260869,3.15,0
"Petal.Width",23,-1,0.135265700483091,1.85,0
"Sepal.Length",3,-1,1.33333333333333,5.95,0
"Sepal.Width",3,1,1.33333333333333,3.1,0
