"","count","ncat","improve","index","adj"
"Petal.Length",99,-1,30.2329653268932,4.85,0
"Petal.Width",99,-1,29.7272727272727,0.9,0
"Sepal.Length",99,-1,28.1508139747576,5.55,0
"Sepal.Width",99,1,14.4766604823748,2.95,0
"Petal.Width",0,-1,0.96969696969697,1.55,0.903225806451613
"Sepal.Length",0,-1,0.767676767676768,6.85,0.258064516129032
"Sepal.Width",0,1,0.727272727272727,2.75,0.129032258064516
"Petal.Length",68,-1,32.5588235294118,2.75,0
"Petal.Width",68,-1,32.5588235294118,0.9,0
"Sepal.Length",68,-1,30.6302521008403,5.55,0
"Sepal.Width",68,1,19.5856633562516,2.95,0
"Petal.Width",0,-1,1,0.9,1
"Sepal.Length",0,-1,0.985294117647059,5.55,0.962962962962963
"Sepal.Width",0,1,0.882352941176471,2.95,0.703703703703704
"Petal.Width",31,-1,0.602150537634408,1.7,0
"Sepal.Length",31,-1,0.435483870967741,6.05,0
"Sepal.Width",31,-1,0.185483870967741,2.75,0
"Petal.Length",31,-1,0.157706093189963,5.15,0
"Sepal.Length",3,-1,1.33333333333333,6.05,0
"Petal.Width",3,1,1.33333333333333,1.55,0
"Sepal.Width",3,1,0.333333333333333,2.65,0
"Petal.Length",3,-1,0.333333333333333,5.35,0
