"","count","ncat","improve","index","adj"
"Petal.Width",100,-1,30.0952380952381,1.65,0
"Petal.Length",100,-1,27.0992063492063,4.95,0
"Sepal.Width",100,-1,18.0833333333333,2.65,0
"Sepal.Length",100,-1,16.2857142857143,6.15,0
"Petal.Length",0,-1,0.96,4.75,0.866666666666667
"Sepal.Length",0,-1,0.86,6.15,0.533333333333333
"Petal.Length",70,-1,28.0114285714286,2.35,0
"Petal.Width",70,-1,28.0114285714286,0.8,0
"Sepal.Width",70,1,18.8815284604408,3.15,0
"Sepal.Length",70,-1,9.03594470046083,4.85,0
"Petal.Width",0,-1,1,0.8,1
"Sepal.Width",0,1,0.928571428571429,3.15,0.75
"Sepal.Length",0,-1,0.828571428571429,4.85,0.4
"Petal.Length",50,-1,0.960000000000001,5,0
"Petal.Width",50,-1,0.360000000000001,1.45,0
"Sepal.Length",50,-1,0.245714285714286,6.2,0
"Sepal.Width",50,-1,0.141818181818182,2.75,0
"Sepal.Length",2,-1,1,6.15,0
"Sepal.Width",2,-1,1,2.75,0
"Petal.Width",2,1,1,1.55,0
"Petal.Length",30,-1,0.6,4.85,0
"Sepal.Length",30,-1,0.219047619047619,6.05,0
"Petal.Width",30,-1,0.183333333333333,1.85,0
"Sepal.Width",30,1,0.155555555555555,3.15,0
"Sepal.Width",3,1,1.33333333333333,3,0
"Sepal.Length",3,1,0.333333333333333,5.4,0
"Petal.Length",3,1,0.333333333333333,4.65,0
"Petal.Width",3,1,0.333333333333333,1.75,0
