"","count","ncat","improve","index","adj"
"Petal.Length",100,-1,33.5277390956383,4.75,0
"Petal.Width",100,-1,31.7856338028169,0.8,0
"Sepal.Length",100,-1,24.3683116883117,5.9,0
"Sepal.Width",100,1,12.654358974359,2.95,0
"Petal.Width",0,-1,0.94,1.45,0.877551020408163
"Sepal.Length",0,-1,0.89,5.9,0.775510204081633
"Sepal.Width",0,1,0.74,2.25,0.469387755102041
"Petal.Length",51,-1,25.0196078431373,2.6,0
"Petal.Width",51,-1,25.0196078431373,0.8,0
"Sepal.Length",51,-1,14.6492374727669,5.45,0
"Sepal.Width",51,1,11.9446078431373,2.95,0
"Petal.Width",0,-1,1,0.8,1
"Sepal.Length",0,-1,0.882352941176471,5.45,0.727272727272727
"Sepal.Width",0,1,0.843137254901961,2.95,0.636363636363636
"Petal.Width",49,-1,1.79931972789116,1.45,0
"Petal.Length",49,-1,1.67709750566893,4.95,0
"Sepal.Length",49,1,0.571541950113376,6.75,0
"Sepal.Width",49,1,0.382653061224488,2.45,0
"Petal.Length",48,-1,0.544444444444442,4.95,0
"Sepal.Width",48,1,0.181159420289852,2.45,0
"Sepal.Length",48,1,0.133333333333331,6.8,0
"Petal.Width",48,-1,0.119047619047618,1.7,0
"Sepal.Length",3,1,1.33333333333333,6.55,0
"Sepal.Width",3,1,1.33333333333333,2.95,0
"Petal.Width",3,-1,1.33333333333333,1.65,0
"Petal.Length",3,1,0.333333333333333,4.85,0
"Petal.Width",45,1,0.0608187134502929,1.55,0
"Sepal.Width",45,1,0.0555555555555562,2.45,0
"Petal.Length",45,1,0.0555555555555562,5.05,0
"Sepal.Length",45,-1,0.0296296296296299,6.1,0
"Sepal.Width",0,1,0.977777777777778,2.45,0.947368421052632
"Petal.Length",0,1,0.977777777777778,5.05,0.947368421052632
"Sepal.Length",0,1,0.933333333333333,6.1,0.842105263157895
"Petal.Width",19,-1,1.89473684210526,1.7,0
"Sepal.Length",19,-1,0.894736842105264,6.1,0
"Petal.Length",19,-1,0.894736842105264,5.15,0
"Sepal.Width",19,-1,0.561403508771931,2.75,0
