"","count","ncat","improve","index","adj"
"Petal.Length",99,-1,29.2525252525253,2.45,0
"Petal.Width",99,-1,29.2525252525253,0.8,0
"Sepal.Width",99,1,18.2525252525253,3.05,0
"Sepal.Length",99,-1,17.3582505774287,5.45,0
"Petal.Width",0,-1,1,0.8,1
"Sepal.Length",0,-1,0.919191919191919,5.35,0.666666666666667
"Sepal.Width",0,1,0.898989898989899,3.35,0.583333333333333
"Petal.Width",75,-1,25.469696969697,1.7,0
"Petal.Length",75,-1,24.1159420289855,4.75,0
"Sepal.Length",75,-1,10.0119047619048,5.75,0
"Sepal.Width",75,-1,3.52367424242424,3.05,0
"Petal.Length",0,-1,0.96,4.75,0.85
"Sepal.Length",0,-1,0.826666666666667,6.25,0.35
"Sepal.Width",0,-1,0.8,3.05,0.25
"Sepal.Width",55,1,0.963636363636364,2.25,0
"Petal.Length",55,-1,0.963636363636364,4.95,0
"Petal.Width",55,-1,0.185858585858586,1.45,0
"Sepal.Length",55,-1,0.0886363636363638,5.85,0
"Sepal.Length",2,-1,1,5.5,0
"Sepal.Width",2,-1,1,2.1,0
"Petal.Length",2,-1,1,4.25,0
"Petal.Width",2,-1,1,1.25,0
"Petal.Length",20,-1,0.900000000000001,4.85,0
"Sepal.Length",20,-1,0.400000000000001,5.95,0
"Petal.Width",20,-1,0.300000000000001,1.85,0
"Sepal.Width",20,1,0.185714285714286,3.15,0
"Sepal.Length",2,-1,1,5.95,0
"Sepal.Width",2,1,1,3.1,0
