"","count","ncat","improve","index","adj"
"Petal.Length",100,-1,37.4157446808511,2.45,0
"Petal.Width",100,-1,37.4157446808511,0.8,0
"Sepal.Length",100,-1,26.4450501806503,5.45,0
"Sepal.Width",100,1,17.5145018602728,3.05,0
"Petal.Width",0,-1,1,0.8,1
"Sepal.Length",0,-1,0.92,5.45,0.829787234042553
"Sepal.Width",0,1,0.84,3.05,0.659574468085106
"Petal.Width",47,-1,17.8071857220793,1.75,0
"Petal.Length",47,-1,16.507703595011,5.05,0
"Sepal.Length",47,-1,4.79698259187621,6.25,0
"Sepal.Width",47,-1,4.7709219858156,2.75,0
"Petal.Length",0,-1,0.872340425531915,4.75,0.714285714285714
"Sepal.Width",0,-1,0.680851063829787,2.95,0.285714285714286
"Sepal.Length",0,-1,0.659574468085106,6.25,0.238095238095238
"Petal.Length",26,-1,3.69230769230769,5.05,0
"Sepal.Length",26,-1,1.77230769230769,7.05,0
"Petal.Width",26,-1,0.492307692307691,1.45,0
"Sepal.Width",26,-1,0.225641025641025,2.75,0
"Petal.Length",21,-1,0.904761904761906,4.85,0
"Sepal.Length",21,-1,0.404761904761906,5.95,0
"Sepal.Width",21,1,0.238095238095239,3.15,0
"Petal.Width",21,-1,0.190476190476191,1.85,0
"Sepal.Length",2,-1,1,5.95,0
"Sepal.Width",2,1,1,3.1,0
