"","count","ncat","improve","index","adj"
"Petal.Length",99,-1,35.8434343434344,4.85,0
"Petal.Width",99,-1,32.8475259964622,1.7,0
"Sepal.Length",99,-1,19.7992444907339,6.15,0
"Sepal.Width",99,1,8.25701459034793,3.35,0
"Petal.Width",0,-1,0.95959595959596,1.7,0.914893617021276
"Sepal.Length",0,-1,0.868686868686869,6.15,0.723404255319149
"Sepal.Width",0,1,0.707070707070707,2.65,0.382978723404255
"Petal.Length",52,-1,24.5666666666667,2.7,0
"Petal.Width",52,-1,24.5666666666667,0.8,0
"Sepal.Length",52,-1,15.7196620583717,5.45,0
"Sepal.Width",52,1,10.4662058371736,2.95,0
"Petal.Width",0,-1,1,0.8,1
"Sepal.Length",0,-1,0.903846153846154,5.45,0.772727272727273
"Sepal.Width",0,1,0.807692307692308,3.25,0.545454545454546
"Petal.Width",30,-1,0.933333333333333,1.7,0
"Petal.Length",30,-1,0.6,4.75,0
"Sepal.Width",30,-1,0.133333333333333,2.95,0
"Sepal.Length",30,-1,0.0666666666666667,5.95,0
"Petal.Length",0,-1,0.966666666666667,4.75,0.5
"Sepal.Length",2,-1,1,5.95,0
"Sepal.Width",2,1,1,3.1,0
