"","count","ncat","improve","index","adj"
"Petal.Length",99,-1,37.0358908231249,2.6,0
"Petal.Width",99,-1,37.0358908231249,0.8,0
"Sepal.Length",99,-1,29.9198382512574,5.45,0
"Sepal.Width",99,1,18.9438571764153,3.35,0
"Petal.Width",0,-1,1,0.8,1
"Sepal.Length",0,-1,0.94949494949495,5.45,0.893617021276596
"Sepal.Width",0,1,0.848484848484849,3.35,0.680851063829787
"Petal.Width",47,-1,19.6596515572001,1.55,0
"Petal.Length",47,-1,16.3002707930368,4.85,0
"Sepal.Length",47,-1,4.28936170212766,7.05,0
"Sepal.Width",47,-1,2.91793313069909,3.25,0
"Petal.Length",0,-1,0.914893617021277,4.85,0.826086956521739
"Sepal.Length",0,-1,0.702127659574468,6.65,0.391304347826087
"Sepal.Width",0,-1,0.680851063829787,2.65,0.347826086956522
"Petal.Length",24,-1,1.91666666666667,4.95,0
"Sepal.Width",24,1,0.416666666666666,2.25,0
"Petal.Width",24,-1,0.202380952380951,1.45,0
"Sepal.Length",24,-1,0.07051282051282,5.9,0
"Petal.Width",23,-1,0.579710144927535,1.75,0
"Petal.Length",23,-1,0.313043478260869,5.05,0
"Sepal.Length",23,1,0.0797101449275355,6.6,0
"Sepal.Width",23,1,0.0559006211180122,2.95,0
"Sepal.Length",3,1,0.333333333333333,5.8,0
"Sepal.Width",3,1,0.333333333333333,2.75,0
"Petal.Length",3,1,0.333333333333333,4.75,0
"Petal.Width",3,1,0.333333333333333,1.65,0
"Sepal.Length",2,-1,1,6.95,0
"Petal.Length",2,-1,1,5.4,0
"Petal.Width",2,1,1,1.65,0
