"","count","ncat","improve","index","adj"
"Petal.Length",99,-1,30.0681818181818,2.45,0
"Petal.Width",99,-1,30.0681818181818,0.7,0
"Sepal.Length",99,-1,21.8494911160945,5.55,0
"Sepal.Width",99,1,15.4263907734057,3.05,0
"Petal.Width",0,-1,1,0.7,1
"Sepal.Length",0,-1,0.939393939393939,5.55,0.777777777777778
"Sepal.Width",0,1,0.868686868686869,3.15,0.518518518518519
"Petal.Length",72,-1,28.0811688311688,4.75,0
"Petal.Width",72,-1,24.8642857142857,1.45,0
"Sepal.Length",72,-1,12.6496655518395,6.15,0
"Sepal.Width",72,-1,5.85,2.95,0
"Petal.Width",0,-1,0.944444444444444,1.45,0.857142857142857
"Sepal.Length",0,-1,0.833333333333333,6.15,0.571428571428572
"Sepal.Width",0,-1,0.777777777777778,2.95,0.428571428571429
"Petal.Width",44,-1,1.95454545454545,1.65,0
"Sepal.Length",44,1,0.954545454545454,4.95,0
"Sepal.Width",44,1,0.287878787878787,2.55,0
"Petal.Length",44,1,0.0878787878787872,4.55,0
"Petal.Length",28,-1,0.714285714285714,5.05,0
"Sepal.Length",28,-1,0.460952380952379,5.95,0
"Petal.Width",28,-1,0.38095238095238,1.85,0
"Sepal.Width",28,1,0.214285714285714,2.9,0
"Sepal.Length",0,-1,0.785714285714286,6.25,0.25
"Petal.Width",0,-1,0.785714285714286,1.85,0.25
"Sepal.Width",0,-1,0.75,2.55,0.125
"Sepal.Length",8,-1,1.28571428571429,5.95,0
"Sepal.Width",8,1,1.28571428571429,3.1,0
"Petal.Width",8,-1,0.333333333333333,1.75,0
"Petal.Length",8,-1,0.0666666666666664,4.85,0
"Sepal.Length",7,1,1.71428571428571,6.5,0
"Petal.Width",7,-1,0.714285714285714,1.75,0
"Sepal.Width",7,1,0.380952380952381,2.9,0
"Petal.Length",7,1,0.380952380952381,4.95,0
