"","count","ncat","improve","index","adj"
"Petal.Width",99,-1,34.2436125965538,1.65,0
"Petal.Length",99,-1,32.8853923853924,5,0
"Sepal.Length",99,-1,23.9690520389399,5.75,0
"Sepal.Width",99,1,14.1748965559207,3.35,0
"Petal.Length",0,-1,0.94949494949495,4.75,0.895833333333333
"Sepal.Length",0,-1,0.858585858585859,6.35,0.708333333333333
"Sepal.Width",0,1,0.646464646464647,2.85,0.270833333333333
"Petal.Length",51,-1,23.6688453159041,2.45,0
"Petal.Width",51,-1,23.6688453159041,0.7,0
"Sepal.Width",51,1,15.0775179637072,3.05,0
"Sepal.Length",51,-1,12.9338393421885,5.55,0
"Petal.Width",0,-1,1,0.7,1
"Sepal.Width",0,1,0.901960784313726,3.05,0.791666666666667
"Sepal.Length",0,-1,0.862745098039216,5.3,0.708333333333333
"Petal.Length",27,-1,3.70370370370371,5,0
"Petal.Width",27,-1,0.430976430976432,1.35,0
"Sepal.Length",27,-1,0.319088319088321,5.95,0
"Sepal.Width",27,1,0.174291938997826,2.85,0
