"","count","ncat","improve","index","adj"
"Petal.Length",100,-1,31.3421917808219,2.6,0
"Petal.Width",100,-1,31.3421917808219,0.7,0
"Sepal.Length",100,-1,21.2163492063492,5.45,0
"Sepal.Width",100,1,17.7192074592075,3.35,0
"Petal.Width",0,-1,1,0.7,1
"Sepal.Length",0,-1,0.93,5.45,0.740740740740741
"Sepal.Width",0,1,0.89,3.35,0.592592592592593
"Petal.Width",73,-1,22.3564047104062,1.65,0
"Petal.Length",73,-1,21.291957879042,4.75,0
"Sepal.Length",73,-1,11.4606653620352,6.15,0
"Sepal.Width",73,-1,3.17495107632094,3.35,0
"Petal.Length",0,-1,0.904109589041096,4.75,0.631578947368421
"Sepal.Length",0,-1,0.821917808219178,6.65,0.31578947368421
"Sepal.Width",0,-1,0.808219178082192,3.15,0.263157894736842
"Petal.Length",54,-1,4.16666666666667,5,0
"Sepal.Length",54,-1,1.81761006289308,7.05,0
"Petal.Width",54,-1,0.952380952380953,1.35,0
"Sepal.Width",54,1,0.166666666666667,2.85,0
"Petal.Width",0,-1,0.944444444444444,1.55,0.25
"Sepal.Length",4,-1,1.5,6.05,0
"Sepal.Width",4,-1,0.5,2.75,0
"Petal.Length",4,-1,0.5,5.35,0
"Petal.Width",4,1,0.5,1.55,0
"Sepal.Length",19,-1,0.561403508771931,6.05,0
"Petal.Length",19,-1,0.561403508771931,4.85,0
"Sepal.Width",19,1,0.18045112781955,3.15,0
"Petal.Width",19,-1,0.18045112781955,1.85,0
"Petal.Length",0,-1,0.894736842105263,4.85,0.333333333333334
"Sepal.Length",3,1,1.33333333333333,5.75,0
"Sepal.Width",3,1,1.33333333333333,3,0
"Petal.Length",3,1,0.333333333333333,4.65,0
"Petal.Width",3,1,0.333333333333333,1.75,0
