"","count","ncat","improve","index","adj"
"Petal.Width",99,-1,29.5454545454545,1.65,0
"Petal.Length",99,-1,24.8780853849347,4.95,0
"Sepal.Length",99,-1,15.6650941850942,5.55,0
"Sepal.Width",99,1,10.3158779205291,3.35,0
"Petal.Length",0,-1,0.929292929292929,4.75,0.740740740740741
"Sepal.Length",0,-1,0.797979797979798,7.05,0.259259259259259
"Petal.Length",72,-1,27.8205128205128,2.6,0
"Petal.Width",72,-1,27.8205128205128,0.7,0
"Sepal.Length",72,-1,18.0416666666667,5.55,0
"Sepal.Width",72,1,13.0437158469945,3.35,0
"Petal.Width",0,-1,1,0.7,1
"Sepal.Length",0,-1,0.916666666666667,5.45,0.7
"Sepal.Width",0,1,0.875,3.25,0.55
"Petal.Length",52,-1,2.51282051282051,4.95,0
"Sepal.Width",52,1,1.88536953242835,2.25,0
"Petal.Width",52,-1,0.512820512820512,1.45,0
"Sepal.Length",52,1,0.209790209790208,6.4,0
"Petal.Width",3,1,1.33333333333333,1.55,0
"Sepal.Length",3,-1,0.333333333333333,6.15,0
"Sepal.Width",3,1,0.333333333333333,2.45,0
"Petal.Length",3,1,0.333333333333333,5.05,0
