"","count","ncat","improve","index","adj"
"Petal.Length",100,-1,29.5627027027027,2.45,0
"Petal.Width",100,-1,29.5627027027027,0.8,0
"Sepal.Length",100,-1,19.2239705882353,5.45,0
"Sepal.Width",100,1,16.8933333333333,3.05,0
"Petal.Width",0,-1,1,0.8,1
"Sepal.Length",0,-1,0.92,5.45,0.692307692307693
"Sepal.Width",0,1,0.83,3.35,0.346153846153846
"Petal.Length",74,-1,26.9624313969141,4.75,0
"Petal.Width",74,-1,26.9247482776894,1.75,0
"Sepal.Length",74,-1,15.9318002212739,5.75,0
"Sepal.Width",74,-1,13.4336609336609,2.45,0
"Petal.Width",0,-1,0.918918918918919,1.55,0.793103448275862
"Sepal.Length",0,-1,0.878378378378378,5.75,0.689655172413793
"Sepal.Width",0,-1,0.797297297297297,2.45,0.482758620689655
"Petal.Width",45,-1,1.95555555555556,1.65,0
"Sepal.Length",45,1,0.955555555555557,4.95,0
"Petal.Length",45,-1,0.205555555555557,4.45,0
"Sepal.Width",45,-1,0.0888888888888906,2.45,0
"Petal.Width",29,-1,2.37931034482759,1.75,0
"Petal.Length",29,-1,1.45931034482758,5.05,0
"Sepal.Width",29,-1,0.379310344827585,3.15,0
"Sepal.Length",29,-1,0.199310344827587,6.05,0
"Petal.Length",6,-1,1.5,5.05,0
"Sepal.Length",6,-1,0.6,6.05,0
"Sepal.Width",6,1,0.6,2.65,0
"Petal.Width",6,1,0.6,1.45,0
"Sepal.Length",0,1,0.833333333333333,6.5,0.5
"Sepal.Width",0,1,0.833333333333333,2.9,0.5
"Sepal.Length",4,-1,1.5,6.05,0
"Sepal.Width",4,-1,0.5,2.75,0
"Petal.Length",4,-1,0.5,5.35,0
"Petal.Width",4,1,0.5,1.55,0
