"","count","ncat","improve","index","adj"
"Petal.Length",99,-1,32.5252525252525,2.6,0
"Petal.Width",99,-1,32.5252525252525,0.7,0
"Sepal.Length",99,-1,23.8614844093105,5.45,0
"Sepal.Width",99,1,18.7767840567841,3.25,0
"Petal.Width",0,-1,1,0.7,1
"Sepal.Length",0,-1,0.939393939393939,5.45,0.8
"Sepal.Width",0,1,0.888888888888889,3.25,0.633333333333333
"Petal.Width",69,-1,26.8333333333333,1.6,0
"Petal.Length",69,-1,26.7971014492754,4.75,0
"Sepal.Length",69,-1,10.1531531531532,5.85,0
"Sepal.Width",69,-1,6.38888888888889,3.15,0
"Petal.Length",0,-1,0.942028985507246,4.75,0.809523809523809
"Sepal.Length",0,-1,0.797101449275362,6.15,0.333333333333333
"Sepal.Width",0,-1,0.797101449275362,3.15,0.333333333333333
"Petal.Length",48,-1,3.83333333333333,4.9,0
"Petal.Width",48,-1,0.833333333333332,1.45,0
"Sepal.Width",48,1,0.544444444444441,2.25,0
"Sepal.Length",48,-1,0.448717948717947,5.95,0
