"","count","ncat","improve","index","adj"
"Petal.Length",99,-1,36.8855218855219,2.45,0
"Petal.Width",99,-1,36.8855218855219,0.8,0
"Sepal.Length",99,-1,27.3969307513196,5.45,0
"Sepal.Width",99,1,10.9576635924462,2.95,0
"Petal.Width",0,-1,1,0.8,1
"Sepal.Length",0,-1,0.929292929292929,5.45,0.844444444444444
"Sepal.Width",0,1,0.717171717171717,2.95,0.377777777777778
"Petal.Width",54,-1,23.1481481481481,1.65,0
"Petal.Length",54,-1,21.2309727309727,4.95,0
"Sepal.Length",54,-1,10.5759897828863,6.25,0
"Sepal.Width",54,-1,3.44759653270291,3.15,0
"Petal.Length",0,-1,0.907407407407407,4.95,0.814814814814815
"Sepal.Length",0,-1,0.777777777777778,6.25,0.555555555555556
"Sepal.Width",0,-1,0.648148148148148,2.95,0.296296296296296
"Petal.Length",27,-1,2.37037037037037,5,0
"Sepal.Length",27,-1,1.78062678062678,7.05,0
"Petal.Width",27,-1,0.783703703703703,1.55,0
"Sepal.Width",27,-1,0.174291938997821,2.75,0
"Petal.Width",0,-1,0.962962962962963,1.55,0.666666666666666
"Sepal.Length",3,-1,1.33333333333333,6.15,0
"Sepal.Width",3,-1,1.33333333333333,2.75,0
"Petal.Length",3,-1,0.333333333333333,5.45,0
"Petal.Width",3,1,0.333333333333333,1.55,0
