"","count","ncat","improve","index","adj"
"Petal.Length",100,-1,26.9448529411765,4.75,0
"Petal.Width",100,-1,25.6631151699645,1.75,0
"Sepal.Length",100,-1,15.2806324110672,5.45,0
"Sepal.Width",100,1,11.8597919493442,3.05,0
"Petal.Width",0,-1,0.95,1.65,0.84375
"Sepal.Length",0,-1,0.79,6.65,0.34375
"Petal.Length",68,-1,27.6593137254902,2.45,0
"Petal.Width",68,-1,27.6593137254902,0.8,0
"Sepal.Width",68,1,18.7726622563919,3.05,0
"Sepal.Length",68,-1,17.621511793123,5.45,0
"Petal.Width",0,-1,1,0.8,1
"Sepal.Width",0,1,0.926470588235294,3.05,0.75
"Sepal.Length",0,-1,0.897058823529412,5.45,0.65
"Petal.Width",48,-1,1.95833333333333,1.65,0
"Sepal.Length",48,1,0.958333333333335,5,0
"Sepal.Width",48,1,0.208333333333335,2.55,0
"Petal.Length",48,-1,0.158333333333335,4.45,0
"Petal.Length",32,-1,1.4375,5.05,0
"Petal.Width",32,-1,1.11157407407407,1.75,0
"Sepal.Width",32,1,0.294642857142857,2.95,0
"Sepal.Length",32,1,0.204166666666666,6.6,0
"Sepal.Length",0,-1,0.78125,5.75,0.222222222222222
"Sepal.Width",0,-1,0.78125,2.55,0.222222222222222
"Sepal.Width",9,1,2.5,2.9,0
"Sepal.Length",9,1,2.28571428571429,6.5,0
"Petal.Width",9,-1,2.28571428571429,1.75,0
"Sepal.Length",0,1,0.777777777777778,6.5,0.5
"Petal.Width",0,-1,0.777777777777778,1.75,0.5
"Petal.Length",0,-1,0.666666666666667,4.85,0.25
"Sepal.Length",4,1,0.5,6.35,0
"Sepal.Width",4,1,0.5,3.05,0
"Petal.Length",4,1,0.5,4.85,0
"Petal.Width",4,-1,0.5,1.75,0
"Petal.Length",0,1,1,4.85,1
"Petal.Width",0,-1,1,1.75,1
"Sepal.Length",2,-1,1,5.95,0
"Sepal.Width",2,1,1,3.1,0
