"","count","ncat","improve","index","adj"
"Petal.Length",100,-1,37.5325925925926,2.45,0
"Petal.Width",100,-1,37.5325925925926,0.7,0
"Sepal.Length",100,-1,30.1066666666667,5.45,0
"Sepal.Width",100,1,10.6066666666667,2.85,0
"Petal.Width",0,-1,1,0.7,1
"Sepal.Length",0,-1,0.94,5.45,0.869565217391304
"Sepal.Width",0,1,0.71,2.85,0.369565217391304
"Petal.Width",54,-1,22.7274074074074,1.75,0
"Petal.Length",54,-1,19.3216931216931,4.75,0
"Sepal.Length",54,-1,5.50697450697451,6.35,0
"Sepal.Width",54,-1,3.43468013468014,2.55,0
"Petal.Length",0,-1,0.888888888888889,4.75,0.76
"Sepal.Length",0,-1,0.722222222222222,6.15,0.4
"Sepal.Width",0,-1,0.685185185185185,2.55,0.32
"Sepal.Length",25,-1,1.76333333333333,7.05,0
"Petal.Length",25,-1,1.76333333333333,5.45,0
"Sepal.Width",25,1,0.437575757575757,2.3,0
"Petal.Width",25,-1,0.346666666666666,1.45,0
"Sepal.Width",24,1,0.583333333333332,2.3,0
"Petal.Length",24,-1,0.583333333333332,4.95,0
"Petal.Width",24,-1,0.0984848484848473,1.45,0
"Sepal.Length",24,-1,0.07051282051282,5.95,0
"Petal.Length",3,-1,1.33333333333333,4.75,0
"Sepal.Length",3,-1,0.333333333333333,5.5,0
"Sepal.Width",3,-1,0.333333333333333,2.1,0
"Petal.Width",3,-1,0.333333333333333,1.25,0
