"","count","ncat","improve","index","adj"
"Petal.Width",100,-1,35.1702360944378,1.65,0
"Petal.Length",100,-1,33.74,4.85,0
"Sepal.Length",100,-1,27.3731034482759,5.75,0
"Sepal.Width",100,1,10.9519107896323,3.35,0
"Petal.Length",0,-1,0.96,4.75,0.918367346938775
"Sepal.Length",0,-1,0.89,5.75,0.775510204081633
"Sepal.Width",0,1,0.64,3.35,0.26530612244898
"Petal.Length",49,-1,22.5489795918367,2.5,0
"Petal.Width",49,-1,22.5489795918367,0.8,0
"Sepal.Length",49,-1,12.2590154341306,5.45,0
"Sepal.Width",49,1,11.9723129251701,3.15,0
"Petal.Width",0,-1,1,0.8,1
"Sepal.Length",0,-1,0.877551020408163,5.45,0.7
"Sepal.Width",0,1,0.857142857142857,2.95,0.65
"Petal.Length",20,-1,1.9,4.95,0
"Sepal.Width",20,1,0.900000000000001,2.25,0
"Petal.Width",20,-1,0.400000000000001,1.45,0
"Sepal.Length",20,-1,0.122222222222223,5.85,0
"Petal.Length",51,-1,0.627450980392159,4.85,0
"Sepal.Length",51,-1,0.246498599439778,5.95,0
"Petal.Width",51,-1,0.210784313725492,1.85,0
"Sepal.Width",51,-1,0.0607843137254913,3.25,0
"Sepal.Width",3,1,1.33333333333333,3.1,0
"Sepal.Length",3,1,0.333333333333333,5.4,0
"Petal.Length",3,1,0.333333333333333,4.65,0
"Petal.Width",3,1,0.333333333333333,1.75,0
