"","count","ncat","improve","index","adj"
"Petal.Length",99,-1,34.1892453951277,4.75,0
"Petal.Width",99,-1,34.0438594310621,1.7,0
"Sepal.Length",99,-1,24.6648937189734,5.55,0
"Sepal.Width",99,1,16.3851443496752,3.35,0
"Petal.Width",0,-1,0.97979797979798,1.7,0.958333333333333
"Sepal.Length",0,-1,0.888888888888889,6.15,0.770833333333333
"Sepal.Width",0,1,0.686868686868687,3.15,0.354166666666667
"Petal.Length",51,-1,25.4117647058824,2.6,0
"Petal.Width",51,-1,25.4117647058824,0.8,0
"Sepal.Length",51,-1,16.402447935696,5.45,0
"Sepal.Width",51,1,14.828431372549,3.15,0
"Petal.Width",0,-1,1,0.8,1
"Sepal.Length",0,-1,0.901960784313726,5.45,0.791666666666667
"Sepal.Width",0,1,0.882352941176471,3.15,0.75
"Petal.Width",48,-1,1.87588652482269,1.55,0
"Petal.Length",48,-1,1.16666666666666,4.95,0
"Sepal.Width",48,1,0.633333333333332,3.05,0
"Sepal.Length",48,-1,0.378787878787878,6,0
"Petal.Length",47,-1,0.957446808510639,4.85,0
"Sepal.Length",47,-1,0.457446808510639,6,0
"Sepal.Width",47,1,0.243161094224925,3.15,0
"Petal.Width",47,-1,0.207446808510639,1.85,0
"Sepal.Length",2,-1,1,6.05,0
"Sepal.Width",2,1,1,3,0
