"","var","n","wt","dev","yval","complexity","ncompete","nsurrogate","yval2.","yval2.","yval2.","yval2.","yval2.","yval2.","yval2.","yval2.nodeprob"
"1","Petal.Length",99,99,45,1,0.51111111,3,3, 1.00000000,54.00000000,23.00000000,22.00000000, 0.54545455, 0.23232323, 0.22222222, 1.00000000
"2","<leaf>",54,54, 0,1,0.00000000,0,0, 1.00000000,54.00000000, 0.00000000, 0.00000000, 1.00000000, 0.00000000, 0.00000000, 0.54545455
"3","Petal.Width",45,45,22,2,0.40000000,3,3, 2.00000000, 0.00000000,23.00000000,22.00000000, 0.00000000, 0.51111111, 0.48888889, 0.45454545
"6","Petal.Length",25,25, 3,2,0.02222222,3,1, 2.00000000, 0.00000000,22.00000000, 3.00000000, 0.00000000, 0.88000000, 0.12000000, 0.25252525
"12","<leaf>",20,20, 0,2,0.00000000,0,0, 2.00000000, 0.00000000,20.00000000, 0.00000000, 0.00000000, 1.00000000, 0.00000000, 0.20202020
"13","Petal.Width", 5, 5, 2,3,0.02222222,3,2, 3.00000000, 0.00000000, 2.00000000, 3.00000000, 0.00000000, 0.40000000, 0.60000000, 0.05050505
"26","Sepal.Length", 3, 3, 1,2,0.02222222,3,0, 2.00000000, 0.00000000, 2.00000000, 1.00000000, 0.00000000, 0.66666667, 0.33333333, 0.03030303
"52","<leaf>", 2, 2, 0,2,0.00000000,0,0, 2.00000000, 0.00000000, 2.00000000, 0.00000000, 0.00000000, 1.00000000, 0.00000000, 0.02020202
"53","<leaf>", 1, 1, 0,3,0.00000000,0,0, 3.00000000, 0.00000000, 0.00000000, 1.00000000, 0.00000000, 0.00000000, 1.00000000, 0.01010101
"27","<leaf>", 2, 2, 0,3,0.00000000,0,0, 3.00000000, 0.00000000, 0.00000000, 2.00000000, 0.00000000, 0.00000000, 1.00000000, 0.02020202
"7","Petal.Length",20,20, 1,3,0.01111111,3,0, 3.00000000, 0.00000000, 1.00000000,19.00000000, 0.00000000, 0.05000000, 0.95000000, 0.20202020
"14","Sepal.Length", 3, 3, 1,3,0.01111111,1,0, 3.00000000, 0.00000000, 1.00000000, 2.00000000, 0.00000000, 0.33333333, 0.66666667, 0.03030303
"28","<leaf>", 1, 1, 0,2,0.00000000,0,0, 2.00000000, 0.00000000, 1.00000000, 0.00000000, 0.00000000, 1.00000000, 0.00000000, 0.01010101
"29","<leaf>", 2, 2, 0,3,0.00000000,0,0, 3.00000000, 0.00000000, 0.00000000, 2.00000000, 0.00000000, 0.00000000, 1.00000000, 0.02020202
"15","<leaf>",17,17, 0,3,0.00000000,0,0, 3.00000000, 0.00000000, 0.00000000,17.00000000, 0.00000000, 0.00000000, 1.00000000, 0.17171717
