"","var","n","wt","dev","yval","complexity","ncompete","nsurrogate","yval2.","yval2.","yval2.","yval2.","yval2.","yval2.","yval2.","yval2.nodeprob"
"1","Petal.Length",100,100,47,1,0.5319149,3,3, 1.00000000,53.00000000,22.00000000,25.00000000, 0.53000000, 0.22000000, 0.25000000, 1.00000000
"2","<leaf>", 53, 53, 0,1,0.0000000,0,0, 1.00000000,53.00000000, 0.00000000, 0.00000000, 1.00000000, 0.00000000, 0.00000000, 0.53000000
"3","Petal.Width", 47, 47,22,3,0.4255319,3,3, 3.00000000, 0.00000000,22.00000000,25.00000000, 0.00000000, 0.46808511, 0.53191489, 0.47000000
"6","Petal.Length", 24, 24, 2,2,0.0212766,3,0, 2.00000000, 0.00000000,22.00000000, 2.00000000, 0.00000000, 0.91666667, 0.08333333, 0.24000000
"12","Sepal.Length", 23, 23, 1,2,0.0106383,3,0, 2.00000000, 0.00000000,22.00000000, 1.00000000, 0.00000000, 0.95652174, 0.04347826, 0.23000000
"24","<leaf>", 21, 21, 0,2,0.0000000,0,0, 2.00000000, 0.00000000,21.00000000, 0.00000000, 0.00000000, 1.00000000, 0.00000000, 0.21000000
"25","Sepal.Width",  2,  2, 1,2,0.0106383,2,0, 2.00000000, 0.00000000, 1.00000000, 1.00000000, 0.00000000, 0.50000000, 0.50000000, 0.02000000
"50","<leaf>",  1,  1, 0,2,0.0000000,0,0, 2.00000000, 0.00000000, 1.00000000, 0.00000000, 0.00000000, 1.00000000, 0.00000000, 0.01000000
"51","<leaf>",  1,  1, 0,3,0.0000000,0,0, 3.00000000, 0.00000000, 0.00000000, 1.00000000, 0.00000000, 0.00000000, 1.00000000, 0.01000000
"13","<leaf>",  1,  1, 0,3,0.0000000,0,0, 3.00000000, 0.00000000, 0.00000000, 1.00000000, 0.00000000, 0.00000000, 1.00000000, 0.01000000
"7","<leaf>", 23, 23, 0,3,0.0000000,0,0, 3.00000000, 0.00000000, 0.00000000,23.00000000, 0.00000000, 0.00000000, 1.00000000, 0.23000000
