"","var","n","wt","dev","yval","complexity","ncompete","nsurrogate","yval2.","yval2.","yval2.","yval2.","yval2.","yval2.","yval2.","yval2.nodeprob"
"1","Petal.Width",100,100,46,3,0.47826087,3,3, 3.00000000,21.00000000,25.00000000,54.00000000, 0.21000000, 0.25000000, 0.54000000, 1.00000000
"2","Petal.Length", 49, 49,24,2,0.45652174,3,3, 2.00000000,21.00000000,25.00000000, 3.00000000, 0.42857143, 0.51020408, 0.06122449, 0.49000000
"4","<leaf>", 21, 21, 0,1,0.00000000,0,0, 1.00000000,21.00000000, 0.00000000, 0.00000000, 1.00000000, 0.00000000, 0.00000000, 0.21000000
"5","Sepal.Length", 28, 28, 3,2,0.02173913,3,0, 2.00000000, 0.00000000,25.00000000, 3.00000000, 0.00000000, 0.89285714, 0.10714286, 0.28000000
"10","Sepal.Length", 27, 27, 2,2,0.01086957,3,0, 2.00000000, 0.00000000,25.00000000, 2.00000000, 0.00000000, 0.92592593, 0.07407407, 0.27000000
"20","Sepal.Width", 25, 25, 1,2,0.01086957,3,0, 2.00000000, 0.00000000,24.00000000, 1.00000000, 0.00000000, 0.96000000, 0.04000000, 0.25000000
"40","<leaf>", 23, 23, 0,2,0.00000000,0,0, 2.00000000, 0.00000000,23.00000000, 0.00000000, 0.00000000, 1.00000000, 0.00000000, 0.23000000
"41","Petal.Length",  2,  2, 1,2,0.01086957,1,0, 2.00000000, 0.00000000, 1.00000000, 1.00000000, 0.00000000, 0.50000000, 0.50000000, 0.02000000
"82","<leaf>",  1,  1, 0,2,0.00000000,0,0, 2.00000000, 0.00000000, 1.00000000, 0.00000000, 0.00000000, 1.00000000, 0.00000000, 0.01000000
"83","<leaf>",  1,  1, 0,3,0.00000000,0,0, 3.00000000, 0.00000000, 0.00000000, 1.00000000, 0.00000000, 0.00000000, 1.00000000, 0.01000000
"21","Sepal.Width",  2,  2, 1,2,0.01086957,2,0, 2.00000000, 0.00000000, 1.00000000, 1.00000000, 0.00000000, 0.50000000, 0.50000000, 0.02000000
"42","<leaf>",  1,  1, 0,2,0.00000000,0,0, 2.00000000, 0.00000000, 1.00000000, 0.00000000, 0.00000000, 1.00000000, 0.00000000, 0.01000000
"43","<leaf>",  1,  1, 0,3,0.00000000,0,0, 3.00000000, 0.00000000, 0.00000000, 1.00000000, 0.00000000, 0.00000000, 1.00000000, 0.01000000
"11","<leaf>",  1,  1, 0,3,0.00000000,0,0, 3.00000000, 0.00000000, 0.00000000, 1.00000000, 0.00000000, 0.00000000, 1.00000000, 0.01000000
"3","<leaf>", 51, 51, 0,3,0.00000000,0,0, 3.00000000, 0.00000000, 0.00000000,51.00000000, 0.00000000, 0.00000000, 1.00000000, 0.51000000
