"","var","n","wt","dev","yval","complexity","ncompete","nsurrogate","yval2.","yval2.","yval2.","yval2.","yval2.","yval2.","yval2.","yval2.nodeprob"
"1","Petal.Length",99,99,50,2,0.50000000,3,3, 2.00000000,25.00000000,49.00000000,25.00000000, 0.25252525, 0.49494949, 0.25252525, 1.00000000
"2","<leaf>",25,25, 0,1,0.00000000,0,0, 1.00000000,25.00000000, 0.00000000, 0.00000000, 1.00000000, 0.00000000, 0.00000000, 0.25252525
"3","Petal.Length",74,74,25,2,0.42000000,3,3, 2.00000000, 0.00000000,49.00000000,25.00000000, 0.00000000, 0.66216216, 0.33783784, 0.74747475
"6","Petal.Width",47,47, 1,2,0.02000000,3,0, 2.00000000, 0.00000000,46.00000000, 1.00000000, 0.00000000, 0.97872340, 0.02127660, 0.47474747
"12","<leaf>",46,46, 0,2,0.00000000,0,0, 2.00000000, 0.00000000,46.00000000, 0.00000000, 0.00000000, 1.00000000, 0.00000000, 0.46464646
"13","<leaf>", 1, 1, 0,3,0.00000000,0,0, 3.00000000, 0.00000000, 0.00000000, 1.00000000, 0.00000000, 0.00000000, 1.00000000, 0.01010101
"7","Petal.Length",27,27, 3,3,0.01333333,3,0, 3.00000000, 0.00000000, 3.00000000,24.00000000, 0.00000000, 0.11111111, 0.88888889, 0.27272727
"14","Sepal.Length", 4, 4, 2,2,0.01333333,2,0, 2.00000000, 0.00000000, 2.00000000, 2.00000000, 0.00000000, 0.50000000, 0.50000000, 0.04040404
"28","<leaf>", 1, 1, 0,2,0.00000000,0,0, 2.00000000, 0.00000000, 1.00000000, 0.00000000, 0.00000000, 1.00000000, 0.00000000, 0.01010101
"29","Sepal.Length", 3, 3, 1,3,0.01333333,2,0, 3.00000000, 0.00000000, 1.00000000, 2.00000000, 0.00000000, 0.33333333, 0.66666667, 0.03030303
"58","<leaf>", 1, 1, 0,2,0.00000000,0,0, 2.00000000, 0.00000000, 1.00000000, 0.00000000, 0.00000000, 1.00000000, 0.00000000, 0.01010101
"59","<leaf>", 2, 2, 0,3,0.00000000,0,0, 3.00000000, 0.00000000, 0.00000000, 2.00000000, 0.00000000, 0.00000000, 1.00000000, 0.02020202
"15","Petal.Width",23,23, 1,3,0.01000000,3,0, 3.00000000, 0.00000000, 1.00000000,22.00000000, 0.00000000, 0.04347826, 0.95652174, 0.23232323
"30","Petal.Length", 4, 4, 1,3,0.01000000,3,0, 3.00000000, 0.00000000, 1.00000000, 3.00000000, 0.00000000, 0.25000000, 0.75000000, 0.04040404
"60","<leaf>", 1, 1, 0,2,0.00000000,0,0, 2.00000000, 0.00000000, 1.00000000, 0.00000000, 0.00000000, 1.00000000, 0.00000000, 0.01010101
"61","<leaf>", 3, 3, 0,3,0.00000000,0,0, 3.00000000, 0.00000000, 0.00000000, 3.00000000, 0.00000000, 0.00000000, 1.00000000, 0.03030303
"31","<leaf>",19,19, 0,3,0.00000000,0,0, 3.00000000, 0.00000000, 0.00000000,19.00000000, 0.00000000, 0.00000000, 1.00000000, 0.19191919
