"","var","n","wt","dev","yval","complexity","ncompete","nsurrogate","yval2.","yval2.","yval2.","yval2.","yval2.","yval2.","yval2.","yval2.nodeprob"
"1","Petal.Width",99,99,51,3,0.470588235,3,3, 3.00000000,26.00000000,25.00000000,48.00000000, 0.26262626, 0.25252525, 0.48484848, 1.00000000
"2","Petal.Length",54,54,28,1,0.470588235,3,3, 1.00000000,26.00000000,25.00000000, 3.00000000, 0.48148148, 0.46296296, 0.05555556, 0.54545455
"4","<leaf>",26,26, 0,1,0.000000000,0,0, 1.00000000,26.00000000, 0.00000000, 0.00000000, 1.00000000, 0.00000000, 0.00000000, 0.26262626
"5","Sepal.Length",28,28, 3,2,0.019607843,3,0, 2.00000000, 0.00000000,25.00000000, 3.00000000, 0.00000000, 0.89285714, 0.10714286, 0.28282828
"10","Sepal.Length",27,27, 2,2,0.019607843,3,0, 2.00000000, 0.00000000,25.00000000, 2.00000000, 0.00000000, 0.92592593, 0.07407407, 0.27272727
"20","Sepal.Width",26,26, 1,2,0.009803922,3,0, 2.00000000, 0.00000000,25.00000000, 1.00000000, 0.00000000, 0.96153846, 0.03846154, 0.26262626
"40","<leaf>",23,23, 0,2,0.000000000,0,0, 2.00000000, 0.00000000,23.00000000, 0.00000000, 0.00000000, 1.00000000, 0.00000000, 0.23232323
"41","Petal.Length", 3, 3, 1,2,0.009803922,3,0, 2.00000000, 0.00000000, 2.00000000, 1.00000000, 0.00000000, 0.66666667, 0.33333333, 0.03030303
"82","<leaf>", 2, 2, 0,2,0.000000000,0,0, 2.00000000, 0.00000000, 2.00000000, 0.00000000, 0.00000000, 1.00000000, 0.00000000, 0.02020202
"83","<leaf>", 1, 1, 0,3,0.000000000,0,0, 3.00000000, 0.00000000, 0.00000000, 1.00000000, 0.00000000, 0.00000000, 1.00000000, 0.01010101
"21","<leaf>", 1, 1, 0,3,0.000000000,0,0, 3.00000000, 0.00000000, 0.00000000, 1.00000000, 0.00000000, 0.00000000, 1.00000000, 0.01010101
"11","<leaf>", 1, 1, 0,3,0.000000000,0,0, 3.00000000, 0.00000000, 0.00000000, 1.00000000, 0.00000000, 0.00000000, 1.00000000, 0.01010101
"3","<leaf>",45,45, 0,3,0.000000000,0,0, 3.00000000, 0.00000000, 0.00000000,45.00000000, 0.00000000, 0.00000000, 1.00000000, 0.45454545
