"","var","n","wt","dev","yval","complexity","ncompete","nsurrogate","yval2.","yval2.","yval2.","yval2.","yval2.","yval2.","yval2.","yval2.nodeprob"
"1","Petal.Length",100,100,46,1,0.50000000,3,3, 1.00000000,54.00000000,23.00000000,23.00000000, 0.54000000, 0.23000000, 0.23000000, 1.00000000
"2","<leaf>", 54, 54, 0,1,0.00000000,0,0, 1.00000000,54.00000000, 0.00000000, 0.00000000, 1.00000000, 0.00000000, 0.00000000, 0.54000000
"3","Petal.Length", 46, 46,23,2,0.43478261,3,3, 2.00000000, 0.00000000,23.00000000,23.00000000, 0.00000000, 0.50000000, 0.50000000, 0.46000000
"6","Petal.Width", 22, 22, 1,2,0.01086957,3,1, 2.00000000, 0.00000000,21.00000000, 1.00000000, 0.00000000, 0.95454545, 0.04545455, 0.22000000
"12","<leaf>", 20, 20, 0,2,0.00000000,0,0, 2.00000000, 0.00000000,20.00000000, 0.00000000, 0.00000000, 1.00000000, 0.00000000, 0.20000000
"13","Sepal.Length",  2,  2, 1,2,0.01086957,1,0, 2.00000000, 0.00000000, 1.00000000, 1.00000000, 0.00000000, 0.50000000, 0.50000000, 0.02000000
"26","<leaf>",  1,  1, 0,2,0.00000000,0,0, 2.00000000, 0.00000000, 1.00000000, 0.00000000, 0.00000000, 1.00000000, 0.00000000, 0.01000000
"27","<leaf>",  1,  1, 0,3,0.00000000,0,0, 3.00000000, 0.00000000, 0.00000000, 1.00000000, 0.00000000, 0.00000000, 1.00000000, 0.01000000
"7","Petal.Width", 24, 24, 2,3,0.01449275,3,0, 3.00000000, 0.00000000, 2.00000000,22.00000000, 0.00000000, 0.08333333, 0.91666667, 0.24000000
"14","Sepal.Length",  4,  4, 2,2,0.01449275,3,0, 2.00000000, 0.00000000, 2.00000000, 2.00000000, 0.00000000, 0.50000000, 0.50000000, 0.04000000
"28","<leaf>",  1,  1, 0,2,0.00000000,0,0, 2.00000000, 0.00000000, 1.00000000, 0.00000000, 0.00000000, 1.00000000, 0.00000000, 0.01000000
"29","Sepal.Length",  3,  3, 1,3,0.01449275,3,0, 3.00000000, 0.00000000, 1.00000000, 2.00000000, 0.00000000, 0.33333333, 0.66666667, 0.03000000
"58","<leaf>",  1,  1, 0,2,0.00000000,0,0, 2.00000000, 0.00000000, 1.00000000, 0.00000000, 0.00000000, 1.00000000, 0.00000000, 0.01000000
"59","<leaf>",  2,  2, 0,3,0.00000000,0,0, 3.00000000, 0.00000000, 0.00000000, 2.00000000, 0.00000000, 0.00000000, 1.00000000, 0.02000000
"15","<leaf>", 20, 20, 0,3,0.00000000,0,0, 3.00000000, 0.00000000, 0.00000000,20.00000000, 0.00000000, 0.00000000, 1.00000000, 0.20000000
