"","var","n","wt","dev","yval","complexity","ncompete","nsurrogate","yval2.","yval2.","yval2.","yval2.","yval2.","yval2.","yval2.","yval2.nodeprob"
"1","Petal.Length",99,99,47,1,0.5106383,3,3, 1.00000000,52.00000000,24.00000000,23.00000000, 0.52525253, 0.24242424, 0.23232323, 1.00000000
"2","<leaf>",52,52, 0,1,0.0000000,0,0, 1.00000000,52.00000000, 0.00000000, 0.00000000, 1.00000000, 0.00000000, 0.00000000, 0.52525253
"3","Petal.Width",47,47,23,2,0.4042553,3,3, 2.00000000, 0.00000000,24.00000000,23.00000000, 0.00000000, 0.51063830, 0.48936170, 0.47474747
"6","Sepal.Length",26,26, 3,2,0.0212766,3,0, 2.00000000, 0.00000000,23.00000000, 3.00000000, 0.00000000, 0.88461538, 0.11538462, 0.26262626
"12","Sepal.Width",25,25, 2,2,0.0212766,3,0, 2.00000000, 0.00000000,23.00000000, 2.00000000, 0.00000000, 0.92000000, 0.08000000, 0.25252525
"24","Petal.Length",24,24, 1,2,0.0212766,3,0, 2.00000000, 0.00000000,23.00000000, 1.00000000, 0.00000000, 0.95833333, 0.04166667, 0.24242424
"48","<leaf>",23,23, 0,2,0.0000000,0,0, 2.00000000, 0.00000000,23.00000000, 0.00000000, 0.00000000, 1.00000000, 0.00000000, 0.23232323
"49","<leaf>", 1, 1, 0,3,0.0000000,0,0, 3.00000000, 0.00000000, 0.00000000, 1.00000000, 0.00000000, 0.00000000, 1.00000000, 0.01010101
"25","<leaf>", 1, 1, 0,3,0.0000000,0,0, 3.00000000, 0.00000000, 0.00000000, 1.00000000, 0.00000000, 0.00000000, 1.00000000, 0.01010101
"13","<leaf>", 1, 1, 0,3,0.0000000,0,0, 3.00000000, 0.00000000, 0.00000000, 1.00000000, 0.00000000, 0.00000000, 1.00000000, 0.01010101
"7","Petal.Length",21,21, 1,3,0.0106383,3,0, 3.00000000, 0.00000000, 1.00000000,20.00000000, 0.00000000, 0.04761905, 0.95238095, 0.21212121
"14","Sepal.Length", 2, 2, 1,2,0.0106383,1,0, 2.00000000, 0.00000000, 1.00000000, 1.00000000, 0.00000000, 0.50000000, 0.50000000, 0.02020202
"28","<leaf>", 1, 1, 0,2,0.0000000,0,0, 2.00000000, 0.00000000, 1.00000000, 0.00000000, 0.00000000, 1.00000000, 0.00000000, 0.01010101
"29","<leaf>", 1, 1, 0,3,0.0000000,0,0, 3.00000000, 0.00000000, 0.00000000, 1.00000000, 0.00000000, 0.00000000, 1.00000000, 0.01010101
"15","<leaf>",19,19, 0,3,0.0000000,0,0, 3.00000000, 0.00000000, 0.00000000,19.00000000, 0.00000000, 0.00000000, 1.00000000, 0.19191919
