"","var","n","wt","dev","yval","complexity","ncompete","nsurrogate","yval2.","yval2.","yval2.","yval2.","yval2.","yval2.","yval2.","yval2.nodeprob"
"1","Petal.Length",100,100,51,2,0.470588235,3,3, 2.00000000,23.00000000,49.00000000,28.00000000, 0.23000000, 0.49000000, 0.28000000, 1.00000000
"2","<leaf>", 23, 23, 0,1,0.000000000,0,0, 1.00000000,23.00000000, 0.00000000, 0.00000000, 1.00000000, 0.00000000, 0.00000000, 0.23000000
"3","Petal.Width", 77, 77,28,2,0.470588235,3,3, 2.00000000, 0.00000000,49.00000000,28.00000000, 0.00000000, 0.63636364, 0.36363636, 0.77000000
"6","Petal.Length", 52, 52, 3,2,0.019607843,3,0, 2.00000000, 0.00000000,49.00000000, 3.00000000, 0.00000000, 0.94230769, 0.05769231, 0.52000000
"12","Sepal.Width", 51, 51, 2,2,0.009803922,3,0, 2.00000000, 0.00000000,49.00000000, 2.00000000, 0.00000000, 0.96078431, 0.03921569, 0.51000000
"24","Sepal.Length", 48, 48, 1,2,0.009803922,3,0, 2.00000000, 0.00000000,47.00000000, 1.00000000, 0.00000000, 0.97916667, 0.02083333, 0.48000000
"48","<leaf>", 43, 43, 0,2,0.000000000,0,0, 2.00000000, 0.00000000,43.00000000, 0.00000000, 0.00000000, 1.00000000, 0.00000000, 0.43000000
"49","Petal.Length",  5,  5, 1,2,0.009803922,3,0, 2.00000000, 0.00000000, 4.00000000, 1.00000000, 0.00000000, 0.80000000, 0.20000000, 0.05000000
"98","<leaf>",  4,  4, 0,2,0.000000000,0,0, 2.00000000, 0.00000000, 4.00000000, 0.00000000, 0.00000000, 1.00000000, 0.00000000, 0.04000000
"99","<leaf>",  1,  1, 0,3,0.000000000,0,0, 3.00000000, 0.00000000, 0.00000000, 1.00000000, 0.00000000, 0.00000000, 1.00000000, 0.01000000
"25","Petal.Length",  3,  3, 1,2,0.009803922,2,0, 2.00000000, 0.00000000, 2.00000000, 1.00000000, 0.00000000, 0.66666667, 0.33333333, 0.03000000
"50","<leaf>",  2,  2, 0,2,0.000000000,0,0, 2.00000000, 0.00000000, 2.00000000, 0.00000000, 0.00000000, 1.00000000, 0.00000000, 0.02000000
"51","<leaf>",  1,  1, 0,3,0.000000000,0,0, 3.00000000, 0.00000000, 0.00000000, 1.00000000, 0.00000000, 0.00000000, 1.00000000, 0.01000000
"13","<leaf>",  1,  1, 0,3,0.000000000,0,0, 3.00000000, 0.00000000, 0.00000000, 1.00000000, 0.00000000, 0.00000000, 1.00000000, 0.01000000
"7","<leaf>", 25, 25, 0,3,0.000000000,0,0, 3.00000000, 0.00000000, 0.00000000,25.00000000, 0.00000000, 0.00000000, 1.00000000, 0.25000000
