"","var","n","wt","dev","yval","complexity","ncompete","nsurrogate","yval2.","yval2.","yval2.","yval2.","yval2.","yval2.","yval2.","yval2.nodeprob"
"1","Petal.Length",100,100,52,3,0.480769231,3,3, 3.00000000,24.00000000,28.00000000,48.00000000, 0.24000000, 0.28000000, 0.48000000, 1.00000000
"2","Petal.Length", 49, 49,24,2,0.461538462,3,3, 2.00000000,24.00000000,25.00000000, 0.00000000, 0.48979592, 0.51020408, 0.00000000, 0.49000000
"4","<leaf>", 24, 24, 0,1,0.000000000,0,0, 1.00000000,24.00000000, 0.00000000, 0.00000000, 1.00000000, 0.00000000, 0.00000000, 0.24000000
"5","<leaf>", 25, 25, 0,2,0.000000000,0,0, 2.00000000, 0.00000000,25.00000000, 0.00000000, 0.00000000, 1.00000000, 0.00000000, 0.25000000
"3","Petal.Width", 51, 51, 3,3,0.019230769,3,2, 3.00000000, 0.00000000, 3.00000000,48.00000000, 0.00000000, 0.05882353, 0.94117647, 0.51000000
"6","Sepal.Width",  8,  8, 3,3,0.019230769,3,0, 3.00000000, 0.00000000, 3.00000000, 5.00000000, 0.00000000, 0.37500000, 0.62500000, 0.08000000
"12","<leaf>",  2,  2, 0,2,0.000000000,0,0, 2.00000000, 0.00000000, 2.00000000, 0.00000000, 0.00000000, 1.00000000, 0.00000000, 0.02000000
"13","Sepal.Width",  6,  6, 1,3,0.009615385,3,1, 3.00000000, 0.00000000, 1.00000000, 5.00000000, 0.00000000, 0.16666667, 0.83333333, 0.06000000
"26","Sepal.Width",  2,  2, 1,2,0.009615385,2,0, 2.00000000, 0.00000000, 1.00000000, 1.00000000, 0.00000000, 0.50000000, 0.50000000, 0.02000000
"52","<leaf>",  1,  1, 0,2,0.000000000,0,0, 2.00000000, 0.00000000, 1.00000000, 0.00000000, 0.00000000, 1.00000000, 0.00000000, 0.01000000
"53","<leaf>",  1,  1, 0,3,0.000000000,0,0, 3.00000000, 0.00000000, 0.00000000, 1.00000000, 0.00000000, 0.00000000, 1.00000000, 0.01000000
"27","<leaf>",  4,  4, 0,3,0.000000000,0,0, 3.00000000, 0.00000000, 0.00000000, 4.00000000, 0.00000000, 0.00000000, 1.00000000, 0.04000000
"7","<leaf>", 43, 43, 0,3,0.000000000,0,0, 3.00000000, 0.00000000, 0.00000000,43.00000000, 0.00000000, 0.00000000, 1.00000000, 0.43000000
