"","var","n","wt","dev","yval","complexity","ncompete","nsurrogate","yval2.","yval2.","yval2.","yval2.","yval2.","yval2.","yval2.","yval2.nodeprob"
"1","Petal.Width",100,100,53,3,0.509433962,3,3, 3.00000000,24.00000000,29.00000000,47.00000000, 0.24000000, 0.29000000, 0.47000000, 1.00000000
"2","Petal.Length", 53, 53,25,2,0.452830189,3,3, 2.00000000,24.00000000,28.00000000, 1.00000000, 0.45283019, 0.52830189, 0.01886792, 0.53000000
"4","<leaf>", 24, 24, 0,1,0.000000000,0,0, 1.00000000,24.00000000, 0.00000000, 0.00000000, 1.00000000, 0.00000000, 0.00000000, 0.24000000
"5","Sepal.Length", 29, 29, 1,2,0.018867925,3,0, 2.00000000, 0.00000000,28.00000000, 1.00000000, 0.00000000, 0.96551724, 0.03448276, 0.29000000
"10","<leaf>", 28, 28, 0,2,0.000000000,0,0, 2.00000000, 0.00000000,28.00000000, 0.00000000, 0.00000000, 1.00000000, 0.00000000, 0.28000000
"11","<leaf>",  1,  1, 0,3,0.000000000,0,0, 3.00000000, 0.00000000, 0.00000000, 1.00000000, 0.00000000, 0.00000000, 1.00000000, 0.01000000
"3","Sepal.Length", 47, 47, 1,3,0.009433962,3,1, 3.00000000, 0.00000000, 1.00000000,46.00000000, 0.00000000, 0.02127660, 0.97872340, 0.47000000
"6","Sepal.Width",  3,  3, 1,3,0.009433962,3,0, 3.00000000, 0.00000000, 1.00000000, 2.00000000, 0.00000000, 0.33333333, 0.66666667, 0.03000000
"12","<leaf>",  1,  1, 0,2,0.000000000,0,0, 2.00000000, 0.00000000, 1.00000000, 0.00000000, 0.00000000, 1.00000000, 0.00000000, 0.01000000
"13","<leaf>",  2,  2, 0,3,0.000000000,0,0, 3.00000000, 0.00000000, 0.00000000, 2.00000000, 0.00000000, 0.00000000, 1.00000000, 0.02000000
"7","<leaf>", 44, 44, 0,3,0.000000000,0,0, 3.00000000, 0.00000000, 0.00000000,44.00000000, 0.00000000, 0.00000000, 1.00000000, 0.44000000
