"","var","n","wt","dev","yval","complexity","ncompete","nsurrogate","yval2.","yval2.","yval2.","yval2.","yval2.","yval2.","yval2.","yval2.nodeprob"
"1","Petal.Length",100,100,54,1,0.51851852,3,3, 1.00000000,46.00000000,28.00000000,26.00000000, 0.46000000, 0.28000000, 0.26000000, 1.00000000
"2","<leaf>", 46, 46, 0,1,0.00000000,0,0, 1.00000000,46.00000000, 0.00000000, 0.00000000, 1.00000000, 0.00000000, 0.00000000, 0.46000000
"3","Petal.Width", 54, 54,26,2,0.42592593,3,3, 2.00000000, 0.00000000,28.00000000,26.00000000, 0.00000000, 0.51851852, 0.48148148, 0.54000000
"6","Sepal.Length", 31, 31, 3,2,0.01851852,3,0, 2.00000000, 0.00000000,28.00000000, 3.00000000, 0.00000000, 0.90322581, 0.09677419, 0.31000000
"12","Petal.Length", 30, 30, 2,2,0.01851852,3,1, 2.00000000, 0.00000000,28.00000000, 2.00000000, 0.00000000, 0.93333333, 0.06666667, 0.30000000
"24","<leaf>", 26, 26, 0,2,0.00000000,0,0, 2.00000000, 0.00000000,26.00000000, 0.00000000, 0.00000000, 1.00000000, 0.00000000, 0.26000000
"25","Petal.Width",  4,  4, 2,2,0.01851852,2,0, 2.00000000, 0.00000000, 2.00000000, 2.00000000, 0.00000000, 0.50000000, 0.50000000, 0.04000000
"50","<leaf>",  2,  2, 0,2,0.00000000,0,0, 2.00000000, 0.00000000, 2.00000000, 0.00000000, 0.00000000, 1.00000000, 0.00000000, 0.02000000
"51","<leaf>",  2,  2, 0,3,0.00000000,0,0, 3.00000000, 0.00000000, 0.00000000, 2.00000000, 0.00000000, 0.00000000, 1.00000000, 0.02000000
"13","<leaf>",  1,  1, 0,3,0.00000000,0,0, 3.00000000, 0.00000000, 0.00000000, 1.00000000, 0.00000000, 0.00000000, 1.00000000, 0.01000000
"7","<leaf>", 23, 23, 0,3,0.00000000,0,0, 3.00000000, 0.00000000, 0.00000000,23.00000000, 0.00000000, 0.00000000, 1.00000000, 0.23000000
