"","var","n","wt","dev","yval","complexity","ncompete","nsurrogate","yval2.","yval2.","yval2.","yval2.","yval2.","yval2.","yval2.","yval2.nodeprob"
"1","Petal.Length",99,99,52,1,0.51923077,3,3, 1.00000000,47.00000000,25.00000000,27.00000000, 0.47474747, 0.25252525, 0.27272727, 1.00000000
"2","<leaf>",47,47, 0,1,0.00000000,0,0, 1.00000000,47.00000000, 0.00000000, 0.00000000, 1.00000000, 0.00000000, 0.00000000, 0.47474747
"3","Petal.Width",52,52,25,3,0.42307692,3,3, 3.00000000, 0.00000000,25.00000000,27.00000000, 0.00000000, 0.48076923, 0.51923077, 0.52525253
"6","Petal.Length",28,28, 3,2,0.03846154,3,0, 2.00000000, 0.00000000,25.00000000, 3.00000000, 0.00000000, 0.89285714, 0.10714286, 0.28282828
"12","<leaf>",24,24, 0,2,0.00000000,0,0, 2.00000000, 0.00000000,24.00000000, 0.00000000, 0.00000000, 1.00000000, 0.00000000, 0.24242424
"13","Petal.Width", 4, 4, 1,3,0.01923077,3,0, 3.00000000, 0.00000000, 1.00000000, 3.00000000, 0.00000000, 0.25000000, 0.75000000, 0.04040404
"26","<leaf>", 1, 1, 0,2,0.00000000,0,0, 2.00000000, 0.00000000, 1.00000000, 0.00000000, 0.00000000, 1.00000000, 0.00000000, 0.01010101
"27","<leaf>", 3, 3, 0,3,0.00000000,0,0, 3.00000000, 0.00000000, 0.00000000, 3.00000000, 0.00000000, 0.00000000, 1.00000000, 0.03030303
"7","<leaf>",24,24, 0,3,0.00000000,0,0, 3.00000000, 0.00000000, 0.00000000,24.00000000, 0.00000000, 0.00000000, 1.00000000, 0.24242424
