"","var","n","wt","dev","yval","complexity","ncompete","nsurrogate","yval2.","yval2.","yval2.","yval2.","yval2.","yval2.","yval2.","yval2.nodeprob"
"1","Petal.Length",99,99,51,1,0.58823529,3,3, 1.00000000,48.00000000,30.00000000,21.00000000, 0.48484848, 0.30303030, 0.21212121, 1.00000000
"2","<leaf>",48,48, 0,1,0.00000000,0,0, 1.00000000,48.00000000, 0.00000000, 0.00000000, 1.00000000, 0.00000000, 0.00000000, 0.48484848
"3","Petal.Width",51,51,21,2,0.37254902,3,3, 2.00000000, 0.00000000,30.00000000,21.00000000, 0.00000000, 0.58823529, 0.41176471, 0.51515152
"6","Petal.Length",32,32, 2,2,0.01960784,3,0, 2.00000000, 0.00000000,30.00000000, 2.00000000, 0.00000000, 0.93750000, 0.06250000, 0.32323232
"12","<leaf>",29,29, 0,2,0.00000000,0,0, 2.00000000, 0.00000000,29.00000000, 0.00000000, 0.00000000, 1.00000000, 0.00000000, 0.29292929
"13","Sepal.Length", 3, 3, 1,3,0.01960784,3,0, 3.00000000, 0.00000000, 1.00000000, 2.00000000, 0.00000000, 0.33333333, 0.66666667, 0.03030303
"26","<leaf>", 1, 1, 0,2,0.00000000,0,0, 2.00000000, 0.00000000, 1.00000000, 0.00000000, 0.00000000, 1.00000000, 0.00000000, 0.01010101
"27","<leaf>", 2, 2, 0,3,0.00000000,0,0, 3.00000000, 0.00000000, 0.00000000, 2.00000000, 0.00000000, 0.00000000, 1.00000000, 0.02020202
"7","<leaf>",19,19, 0,3,0.00000000,0,0, 3.00000000, 0.00000000, 0.00000000,19.00000000, 0.00000000, 0.00000000, 1.00000000, 0.19191919
