"","var","n","wt","dev","yval","complexity","ncompete","nsurrogate","yval2.","yval2.","yval2.","yval2.","yval2.","yval2.","yval2.","yval2.nodeprob"
"1","Petal.Length",100,100,44,2,0.47727273,3,3, 2.00000000,21.00000000,56.00000000,23.00000000, 0.21000000, 0.56000000, 0.23000000, 1.00000000
"2","<leaf>", 21, 21, 0,1,0.00000000,0,0, 1.00000000,21.00000000, 0.00000000, 0.00000000, 1.00000000, 0.00000000, 0.00000000, 0.21000000
"3","Petal.Length", 79, 79,23,2,0.43181818,3,3, 2.00000000, 0.00000000,56.00000000,23.00000000, 0.00000000, 0.70886076, 0.29113924, 0.79000000
"6","Petal.Width", 56, 56, 2,2,0.02272727,3,0, 2.00000000, 0.00000000,54.00000000, 2.00000000, 0.00000000, 0.96428571, 0.03571429, 0.56000000
"12","<leaf>", 53, 53, 0,2,0.00000000,0,0, 2.00000000, 0.00000000,53.00000000, 0.00000000, 0.00000000, 1.00000000, 0.00000000, 0.53000000
"13","Sepal.Width",  3,  3, 1,3,0.02272727,3,0, 3.00000000, 0.00000000, 1.00000000, 2.00000000, 0.00000000, 0.33333333, 0.66666667, 0.03000000
"26","<leaf>",  1,  1, 0,2,0.00000000,0,0, 2.00000000, 0.00000000, 1.00000000, 0.00000000, 0.00000000, 1.00000000, 0.00000000, 0.01000000
"27","<leaf>",  2,  2, 0,3,0.00000000,0,0, 3.00000000, 0.00000000, 0.00000000, 2.00000000, 0.00000000, 0.00000000, 1.00000000, 0.02000000
"7","Petal.Width", 23, 23, 2,3,0.01515152,3,3, 3.00000000, 0.00000000, 2.00000000,21.00000000, 0.00000000, 0.08695652, 0.91304348, 0.23000000
"14","Petal.Width",  6,  6, 2,3,0.01515152,3,2, 3.00000000, 0.00000000, 2.00000000, 4.00000000, 0.00000000, 0.33333333, 0.66666667, 0.06000000
"28","Sepal.Length",  3,  3, 1,2,0.01515152,3,0, 2.00000000, 0.00000000, 2.00000000, 1.00000000, 0.00000000, 0.66666667, 0.33333333, 0.03000000
"56","<leaf>",  2,  2, 0,2,0.00000000,0,0, 2.00000000, 0.00000000, 2.00000000, 0.00000000, 0.00000000, 1.00000000, 0.00000000, 0.02000000
"57","<leaf>",  1,  1, 0,3,0.00000000,0,0, 3.00000000, 0.00000000, 0.00000000, 1.00000000, 0.00000000, 0.00000000, 1.00000000, 0.01000000
"29","<leaf>",  3,  3, 0,3,0.00000000,0,0, 3.00000000, 0.00000000, 0.00000000, 3.00000000, 0.00000000, 0.00000000, 1.00000000, 0.03000000
"15","<leaf>", 17, 17, 0,3,0.00000000,0,0, 3.00000000, 0.00000000, 0.00000000,17.00000000, 0.00000000, 0.00000000, 1.00000000, 0.17000000
