"","var","n","wt","dev","yval","complexity","ncompete","nsurrogate","yval2.","yval2.","yval2.","yval2.","yval2.","yval2.","yval2.","yval2.nodeprob"
"1","Petal.Width",100,100,50,3,0.50,3,3, 3.00000000,26.00000000,24.00000000,50.00000000, 0.26000000, 0.24000000, 0.50000000, 1.00000000
"2","Petal.Length", 50, 50,24,1,0.46,3,3, 1.00000000,26.00000000,23.00000000, 1.00000000, 0.52000000, 0.46000000, 0.02000000, 0.50000000
"4","<leaf>", 26, 26, 0,1,0.00,0,0, 1.00000000,26.00000000, 0.00000000, 0.00000000, 1.00000000, 0.00000000, 0.00000000, 0.26000000
"5","Petal.Length", 24, 24, 1,2,0.02,3,0, 2.00000000, 0.00000000,23.00000000, 1.00000000, 0.00000000, 0.95833333, 0.04166667, 0.24000000
"10","<leaf>", 23, 23, 0,2,0.00,0,0, 2.00000000, 0.00000000,23.00000000, 0.00000000, 0.00000000, 1.00000000, 0.00000000, 0.23000000
"11","<leaf>",  1,  1, 0,3,0.00,0,0, 3.00000000, 0.00000000, 0.00000000, 1.00000000, 0.00000000, 0.00000000, 1.00000000, 0.01000000
"3","Petal.Length", 50, 50, 1,3,0.01,3,0, 3.00000000, 0.00000000, 1.00000000,49.00000000, 0.00000000, 0.02000000, 0.98000000, 0.50000000
"6","Sepal.Length",  2,  2, 1,2,0.01,1,0, 2.00000000, 0.00000000, 1.00000000, 1.00000000, 0.00000000, 0.50000000, 0.50000000, 0.02000000
"12","<leaf>",  1,  1, 0,2,0.00,0,0, 2.00000000, 0.00000000, 1.00000000, 0.00000000, 0.00000000, 1.00000000, 0.00000000, 0.01000000
"13","<leaf>",  1,  1, 0,3,0.00,0,0, 3.00000000, 0.00000000, 0.00000000, 1.00000000, 0.00000000, 0.00000000, 1.00000000, 0.01000000
"7","<leaf>", 48, 48, 0,3,0.00,0,0, 3.00000000, 0.00000000, 0.00000000,48.00000000, 0.00000000, 0.00000000, 1.00000000, 0.48000000
