"","var","n","wt","dev","yval","complexity","ncompete","nsurrogate","yval2.","yval2.","yval2.","yval2.","yval2.","yval2.","yval2.","yval2.nodeprob"
"1","Petal.Width",99,99,49,3,0.51020408,3,3, 3.00000000,22.00000000,27.00000000,50.00000000, 0.22222222, 0.27272727, 0.50505051, 1.00000000
"2","Petal.Length",49,49,23,2,0.44897959,3,3, 2.00000000,22.00000000,26.00000000, 1.00000000, 0.44897959, 0.53061224, 0.02040816, 0.49494949
"4","<leaf>",22,22, 0,1,0.00000000,0,0, 1.00000000,22.00000000, 0.00000000, 0.00000000, 1.00000000, 0.00000000, 0.00000000, 0.22222222
"5","Petal.Length",27,27, 1,2,0.02040816,3,0, 2.00000000, 0.00000000,26.00000000, 1.00000000, 0.00000000, 0.96296296, 0.03703704, 0.27272727
"10","<leaf>",26,26, 0,2,0.00000000,0,0, 2.00000000, 0.00000000,26.00000000, 0.00000000, 0.00000000, 1.00000000, 0.00000000, 0.26262626
"11","<leaf>", 1, 1, 0,3,0.00000000,0,0, 3.00000000, 0.00000000, 0.00000000, 1.00000000, 0.00000000, 0.00000000, 1.00000000, 0.01010101
"3","Petal.Length",50,50, 1,3,0.01020408,3,0, 3.00000000, 0.00000000, 1.00000000,49.00000000, 0.00000000, 0.02000000, 0.98000000, 0.50505051
"6","Sepal.Length", 3, 3, 1,3,0.01020408,1,0, 3.00000000, 0.00000000, 1.00000000, 2.00000000, 0.00000000, 0.33333333, 0.66666667, 0.03030303
"12","<leaf>", 1, 1, 0,2,0.00000000,0,0, 2.00000000, 0.00000000, 1.00000000, 0.00000000, 0.00000000, 1.00000000, 0.00000000, 0.01010101
"13","<leaf>", 2, 2, 0,3,0.00000000,0,0, 3.00000000, 0.00000000, 0.00000000, 2.00000000, 0.00000000, 0.00000000, 1.00000000, 0.02020202
"7","<leaf>",47,47, 0,3,0.00000000,0,0, 3.00000000, 0.00000000, 0.00000000,47.00000000, 0.00000000, 0.00000000, 1.00000000, 0.47474747
