"","var","n","wt","dev","yval","complexity","ncompete","nsurrogate","yval2.","yval2.","yval2.","yval2.","yval2.","yval2.","yval2.","yval2.nodeprob"
"1","Petal.Width",99,99,50,3,0.47,3,3, 3.00000000,24.00000000,26.00000000,49.00000000, 0.24242424, 0.26262626, 0.49494949, 1.00000000
"2","Petal.Length",53,53,27,2,0.47,3,3, 2.00000000,24.00000000,26.00000000, 3.00000000, 0.45283019, 0.49056604, 0.05660377, 0.53535354
"4","<leaf>",24,24, 0,1,0.00,0,0, 1.00000000,24.00000000, 0.00000000, 0.00000000, 1.00000000, 0.00000000, 0.00000000, 0.24242424
"5","Petal.Length",29,29, 3,2,0.04,3,0, 2.00000000, 0.00000000,26.00000000, 3.00000000, 0.00000000, 0.89655172, 0.10344828, 0.29292929
"10","<leaf>",25,25, 0,2,0.00,0,0, 2.00000000, 0.00000000,25.00000000, 0.00000000, 0.00000000, 1.00000000, 0.00000000, 0.25252525
"11","Petal.Width", 4, 4, 1,3,0.02,3,0, 3.00000000, 0.00000000, 1.00000000, 3.00000000, 0.00000000, 0.25000000, 0.75000000, 0.04040404
"22","<leaf>", 1, 1, 0,2,0.00,0,0, 2.00000000, 0.00000000, 1.00000000, 0.00000000, 0.00000000, 1.00000000, 0.00000000, 0.01010101
"23","<leaf>", 3, 3, 0,3,0.00,0,0, 3.00000000, 0.00000000, 0.00000000, 3.00000000, 0.00000000, 0.00000000, 1.00000000, 0.03030303
"3","<leaf>",46,46, 0,3,0.00,0,0, 3.00000000, 0.00000000, 0.00000000,46.00000000, 0.00000000, 0.00000000, 1.00000000, 0.46464646
