"","var","n","wt","dev","yval","complexity","ncompete","nsurrogate","yval2.","yval2.","yval2.","yval2.","yval2.","yval2.","yval2.","yval2.nodeprob"
"1","Petal.Length",99,99,57,2,0.50877193,3,3, 2.00000000,27.00000000,42.00000000,30.00000000, 0.27272727, 0.42424242, 0.30303030, 1.00000000
"2","Petal.Length",68,68,27,2,0.47368421,3,3, 2.00000000,27.00000000,41.00000000, 0.00000000, 0.39705882, 0.60294118, 0.00000000, 0.68686869
"4","<leaf>",27,27, 0,1,0.00000000,0,0, 1.00000000,27.00000000, 0.00000000, 0.00000000, 1.00000000, 0.00000000, 0.00000000, 0.27272727
"5","<leaf>",41,41, 0,2,0.00000000,0,0, 2.00000000, 0.00000000,41.00000000, 0.00000000, 0.00000000, 1.00000000, 0.00000000, 0.41414141
"3","Petal.Width",31,31, 1,3,0.00877193,3,0, 3.00000000, 0.00000000, 1.00000000,30.00000000, 0.00000000, 0.03225806, 0.96774194, 0.31313131
"6","Sepal.Length", 3, 3, 1,3,0.00877193,3,0, 3.00000000, 0.00000000, 1.00000000, 2.00000000, 0.00000000, 0.33333333, 0.66666667, 0.03030303
"12","<leaf>", 1, 1, 0,2,0.00000000,0,0, 2.00000000, 0.00000000, 1.00000000, 0.00000000, 0.00000000, 1.00000000, 0.00000000, 0.01010101
"13","<leaf>", 2, 2, 0,3,0.00000000,0,0, 3.00000000, 0.00000000, 0.00000000, 2.00000000, 0.00000000, 0.00000000, 1.00000000, 0.02020202
"7","<leaf>",28,28, 0,3,0.00000000,0,0, 3.00000000, 0.00000000, 0.00000000,28.00000000, 0.00000000, 0.00000000, 1.00000000, 0.28282828
