"","var","n","wt","dev","yval","complexity","ncompete","nsurrogate","yval2.","yval2.","yval2.","yval2.","yval2.","yval2.","yval2.","yval2.nodeprob"
"1","Petal.Length",99,99,50,1,0.52,3,3, 1.00000000,49.00000000,26.00000000,24.00000000, 0.49494949, 0.26262626, 0.24242424, 1.00000000
"2","<leaf>",49,49, 0,1,0.00,0,0, 1.00000000,49.00000000, 0.00000000, 0.00000000, 1.00000000, 0.00000000, 0.00000000, 0.49494949
"3","Petal.Length",50,50,24,2,0.44,3,3, 2.00000000, 0.00000000,26.00000000,24.00000000, 0.00000000, 0.52000000, 0.48000000, 0.50505051
"6","Sepal.Length",26,26, 1,2,0.01,3,0, 2.00000000, 0.00000000,25.00000000, 1.00000000, 0.00000000, 0.96153846, 0.03846154, 0.26262626
"12","<leaf>",24,24, 0,2,0.00,0,0, 2.00000000, 0.00000000,24.00000000, 0.00000000, 0.00000000, 1.00000000, 0.00000000, 0.24242424
"13","Sepal.Width", 2, 2, 1,2,0.01,2,0, 2.00000000, 0.00000000, 1.00000000, 1.00000000, 0.00000000, 0.50000000, 0.50000000, 0.02020202
"26","<leaf>", 1, 1, 0,2,0.00,0,0, 2.00000000, 0.00000000, 1.00000000, 0.00000000, 0.00000000, 1.00000000, 0.00000000, 0.01010101
"27","<leaf>", 1, 1, 0,3,0.00,0,0, 3.00000000, 0.00000000, 0.00000000, 1.00000000, 0.00000000, 0.00000000, 1.00000000, 0.01010101
"7","Petal.Width",24,24, 1,3,0.01,3,0, 3.00000000, 0.00000000, 1.00000000,23.00000000, 0.00000000, 0.04166667, 0.95833333, 0.24242424
"14","Sepal.Length", 2, 2, 1,2,0.01,2,0, 2.00000000, 0.00000000, 1.00000000, 1.00000000, 0.00000000, 0.50000000, 0.50000000, 0.02020202
"28","<leaf>", 1, 1, 0,2,0.00,0,0, 2.00000000, 0.00000000, 1.00000000, 0.00000000, 0.00000000, 1.00000000, 0.00000000, 0.01010101
"29","<leaf>", 1, 1, 0,3,0.00,0,0, 3.00000000, 0.00000000, 0.00000000, 1.00000000, 0.00000000, 0.00000000, 1.00000000, 0.01010101
"15","<leaf>",22,22, 0,3,0.00,0,0, 3.00000000, 0.00000000, 0.00000000,22.00000000, 0.00000000, 0.00000000, 1.00000000, 0.22222222
