"","var","n","wt","dev","yval","complexity","ncompete","nsurrogate","yval2.","yval2.","yval2.","yval2.","yval2.","yval2.","yval2.","yval2.nodeprob"
"1","Petal.Length",100,100,50,2,0.52,3,2, 2.00000000,20.00000000,50.00000000,30.00000000, 0.20000000, 0.50000000, 0.30000000, 1.00000000
"2","Petal.Length", 68, 68,21,2,0.40,3,3, 2.00000000,20.00000000,47.00000000, 1.00000000, 0.29411765, 0.69117647, 0.01470588, 0.68000000
"4","<leaf>", 20, 20, 0,1,0.00,0,0, 1.00000000,20.00000000, 0.00000000, 0.00000000, 1.00000000, 0.00000000, 0.00000000, 0.20000000
"5","Petal.Width", 48, 48, 1,2,0.02,3,0, 2.00000000, 0.00000000,47.00000000, 1.00000000, 0.00000000, 0.97916667, 0.02083333, 0.48000000
"10","<leaf>", 47, 47, 0,2,0.00,0,0, 2.00000000, 0.00000000,47.00000000, 0.00000000, 0.00000000, 1.00000000, 0.00000000, 0.47000000
"11","<leaf>",  1,  1, 0,3,0.00,0,0, 3.00000000, 0.00000000, 0.00000000, 1.00000000, 0.00000000, 0.00000000, 1.00000000, 0.01000000
"3","Petal.Length", 32, 32, 3,3,0.02,3,2, 3.00000000, 0.00000000, 3.00000000,29.00000000, 0.00000000, 0.09375000, 0.90625000, 0.32000000
"6","Sepal.Width",  9,  9, 3,3,0.02,2,3, 3.00000000, 0.00000000, 3.00000000, 6.00000000, 0.00000000, 0.33333333, 0.66666667, 0.09000000
"12","Sepal.Length",  4,  4, 1,2,0.01,3,2, 2.00000000, 0.00000000, 3.00000000, 1.00000000, 0.00000000, 0.75000000, 0.25000000, 0.04000000
"24","<leaf>",  2,  2, 0,2,0.00,0,0, 2.00000000, 0.00000000, 2.00000000, 0.00000000, 0.00000000, 1.00000000, 0.00000000, 0.02000000
"25","Sepal.Length",  2,  2, 1,2,0.01,1,0, 2.00000000, 0.00000000, 1.00000000, 1.00000000, 0.00000000, 0.50000000, 0.50000000, 0.02000000
"50","<leaf>",  1,  1, 0,2,0.00,0,0, 2.00000000, 0.00000000, 1.00000000, 0.00000000, 0.00000000, 1.00000000, 0.00000000, 0.01000000
"51","<leaf>",  1,  1, 0,3,0.00,0,0, 3.00000000, 0.00000000, 0.00000000, 1.00000000, 0.00000000, 0.00000000, 1.00000000, 0.01000000
"13","<leaf>",  5,  5, 0,3,0.00,0,0, 3.00000000, 0.00000000, 0.00000000, 5.00000000, 0.00000000, 0.00000000, 1.00000000, 0.05000000
"7","<leaf>", 23, 23, 0,3,0.00,0,0, 3.00000000, 0.00000000, 0.00000000,23.00000000, 0.00000000, 0.00000000, 1.00000000, 0.23000000
