"","var","n","wt","dev","yval","complexity","ncompete","nsurrogate","yval2.","yval2.","yval2.","yval2.","yval2.","yval2.","yval2.","yval2.nodeprob"
"1","Petal.Width",100,100,46,3,0.50000000,3,3, 3.00000000,26.00000000,20.00000000,54.00000000, 0.26000000, 0.20000000, 0.54000000, 1.00000000
"2","Petal.Length", 49, 49,23,1,0.43478261,3,3, 1.00000000,26.00000000,20.00000000, 3.00000000, 0.53061224, 0.40816327, 0.06122449, 0.49000000
"4","<leaf>", 26, 26, 0,1,0.00000000,0,0, 1.00000000,26.00000000, 0.00000000, 0.00000000, 1.00000000, 0.00000000, 0.00000000, 0.26000000
"5","Petal.Length", 23, 23, 3,2,0.04347826,3,0, 2.00000000, 0.00000000,20.00000000, 3.00000000, 0.00000000, 0.86956522, 0.13043478, 0.23000000
"10","<leaf>", 19, 19, 0,2,0.00000000,0,0, 2.00000000, 0.00000000,19.00000000, 0.00000000, 0.00000000, 1.00000000, 0.00000000, 0.19000000
"11","Sepal.Length",  4,  4, 1,3,0.02173913,3,0, 3.00000000, 0.00000000, 1.00000000, 3.00000000, 0.00000000, 0.25000000, 0.75000000, 0.04000000
"22","<leaf>",  1,  1, 0,2,0.00000000,0,0, 2.00000000, 0.00000000, 1.00000000, 0.00000000, 0.00000000, 1.00000000, 0.00000000, 0.01000000
"23","<leaf>",  3,  3, 0,3,0.00000000,0,0, 3.00000000, 0.00000000, 0.00000000, 3.00000000, 0.00000000, 0.00000000, 1.00000000, 0.03000000
"3","<leaf>", 51, 51, 0,3,0.00000000,0,0, 3.00000000, 0.00000000, 0.00000000,51.00000000, 0.00000000, 0.00000000, 1.00000000, 0.51000000
