"","var","n","wt","dev","yval","complexity","ncompete","nsurrogate","yval2.","yval2.","yval2.","yval2.","yval2.","yval2.","yval2.","yval2.nodeprob"
"1","Petal.Length",99,99,54,2,0.50000000,3,3, 2.00000000,27.00000000,45.00000000,27.00000000, 0.27272727, 0.45454545, 0.27272727, 1.00000000
"2","<leaf>",27,27, 0,1,0.00000000,0,0, 1.00000000,27.00000000, 0.00000000, 0.00000000, 1.00000000, 0.00000000, 0.00000000, 0.27272727
"3","Petal.Length",72,72,27,2,0.44444444,3,3, 2.00000000, 0.00000000,45.00000000,27.00000000, 0.00000000, 0.62500000, 0.37500000, 0.72727273
"6","Petal.Width",44,44, 1,2,0.01851852,3,0, 2.00000000, 0.00000000,43.00000000, 1.00000000, 0.00000000, 0.97727273, 0.02272727, 0.44444444
"12","<leaf>",43,43, 0,2,0.00000000,0,0, 2.00000000, 0.00000000,43.00000000, 0.00000000, 0.00000000, 1.00000000, 0.00000000, 0.43434343
"13","<leaf>", 1, 1, 0,3,0.00000000,0,0, 3.00000000, 0.00000000, 0.00000000, 1.00000000, 0.00000000, 0.00000000, 1.00000000, 0.01010101
"7","Petal.Length",28,28, 2,3,0.01234568,3,3, 3.00000000, 0.00000000, 2.00000000,26.00000000, 0.00000000, 0.07142857, 0.92857143, 0.28282828
"14","Sepal.Length", 8, 8, 2,3,0.01234568,3,0, 3.00000000, 0.00000000, 2.00000000, 6.00000000, 0.00000000, 0.25000000, 0.75000000, 0.08080808
"28","<leaf>", 1, 1, 0,2,0.00000000,0,0, 2.00000000, 0.00000000, 1.00000000, 0.00000000, 0.00000000, 1.00000000, 0.00000000, 0.01010101
"29","Sepal.Length", 7, 7, 1,3,0.01234568,3,0, 3.00000000, 0.00000000, 1.00000000, 6.00000000, 0.00000000, 0.14285714, 0.85714286, 0.07070707
"58","<leaf>", 1, 1, 0,2,0.00000000,0,0, 2.00000000, 0.00000000, 1.00000000, 0.00000000, 0.00000000, 1.00000000, 0.00000000, 0.01010101
"59","<leaf>", 6, 6, 0,3,0.00000000,0,0, 3.00000000, 0.00000000, 0.00000000, 6.00000000, 0.00000000, 0.00000000, 1.00000000, 0.06060606
"15","<leaf>",20,20, 0,3,0.00000000,0,0, 3.00000000, 0.00000000, 0.00000000,20.00000000, 0.00000000, 0.00000000, 1.00000000, 0.20202020
