"","var","n","wt","dev","yval","complexity","ncompete","nsurrogate","yval2.","yval2.","yval2.","yval2.","yval2.","yval2.","yval2.","yval2.nodeprob"
"1","Petal.Length",100,100,53,3,0.47169811,3,3, 3.00000000,27.00000000,26.00000000,47.00000000, 0.27000000, 0.26000000, 0.47000000, 1.00000000
"2","Petal.Length", 53, 53,26,1,0.45283019,3,3, 1.00000000,27.00000000,24.00000000, 2.00000000, 0.50943396, 0.45283019, 0.03773585, 0.53000000
"4","<leaf>", 27, 27, 0,1,0.00000000,0,0, 1.00000000,27.00000000, 0.00000000, 0.00000000, 1.00000000, 0.00000000, 0.00000000, 0.27000000
"5","Petal.Width", 26, 26, 2,2,0.01886792,3,0, 2.00000000, 0.00000000,24.00000000, 2.00000000, 0.00000000, 0.92307692, 0.07692308, 0.26000000
"10","<leaf>", 23, 23, 0,2,0.00000000,0,0, 2.00000000, 0.00000000,23.00000000, 0.00000000, 0.00000000, 1.00000000, 0.00000000, 0.23000000
"11","Sepal.Width",  3,  3, 1,3,0.01886792,3,0, 3.00000000, 0.00000000, 1.00000000, 2.00000000, 0.00000000, 0.33333333, 0.66666667, 0.03000000
"22","<leaf>",  1,  1, 0,2,0.00000000,0,0, 2.00000000, 0.00000000, 1.00000000, 0.00000000, 0.00000000, 1.00000000, 0.00000000, 0.01000000
"23","<leaf>",  2,  2, 0,3,0.00000000,0,0, 3.00000000, 0.00000000, 0.00000000, 2.00000000, 0.00000000, 0.00000000, 1.00000000, 0.02000000
"3","Petal.Width", 47, 47, 2,3,0.01886792,3,0, 3.00000000, 0.00000000, 2.00000000,45.00000000, 0.00000000, 0.04255319, 0.95744681, 0.47000000
"6","Petal.Width",  4,  4, 2,2,0.01886792,3,0, 2.00000000, 0.00000000, 2.00000000, 2.00000000, 0.00000000, 0.50000000, 0.50000000, 0.04000000
"12","<leaf>",  2,  2, 0,2,0.00000000,0,0, 2.00000000, 0.00000000, 2.00000000, 0.00000000, 0.00000000, 1.00000000, 0.00000000, 0.02000000
"13","<leaf>",  2,  2, 0,3,0.00000000,0,0, 3.00000000, 0.00000000, 0.00000000, 2.00000000, 0.00000000, 0.00000000, 1.00000000, 0.02000000
"7","<leaf>", 43, 43, 0,3,0.00000000,0,0, 3.00000000, 0.00000000, 0.00000000,43.00000000, 0.00000000, 0.00000000, 1.00000000, 0.43000000
