"","var","n","wt","dev","yval","complexity","ncompete","nsurrogate","yval2.","yval2.","yval2.","yval2.","yval2.","yval2.","yval2.","yval2.nodeprob"
"1","Petal.Length",100,100,49,2,0.63265306,3,3, 2.00000000,31.00000000,51.00000000,18.00000000, 0.31000000, 0.51000000, 0.18000000, 1.00000000
"2","<leaf>", 31, 31, 0,1,0.00000000,0,0, 1.00000000,31.00000000, 0.00000000, 0.00000000, 1.00000000, 0.00000000, 0.00000000, 0.31000000
"3","Petal.Length", 69, 69,18,2,0.34693878,3,3, 2.00000000, 0.00000000,51.00000000,18.00000000, 0.00000000, 0.73913043, 0.26086957, 0.69000000
"6","<leaf>", 50, 50, 0,2,0.00000000,0,0, 2.00000000, 0.00000000,50.00000000, 0.00000000, 0.00000000, 1.00000000, 0.00000000, 0.50000000
"7","Petal.Length", 19, 19, 1,3,0.01020408,3,0, 3.00000000, 0.00000000, 1.00000000,18.00000000, 0.00000000, 0.05263158, 0.94736842, 0.19000000
"14","Sepal.Length",  3,  3, 1,3,0.01020408,2,0, 3.00000000, 0.00000000, 1.00000000, 2.00000000, 0.00000000, 0.33333333, 0.66666667, 0.03000000
"28","<leaf>",  1,  1, 0,2,0.00000000,0,0, 2.00000000, 0.00000000, 1.00000000, 0.00000000, 0.00000000, 1.00000000, 0.00000000, 0.01000000
"29","<leaf>",  2,  2, 0,3,0.00000000,0,0, 3.00000000, 0.00000000, 0.00000000, 2.00000000, 0.00000000, 0.00000000, 1.00000000, 0.02000000
"15","<leaf>", 16, 16, 0,3,0.00000000,0,0, 3.00000000, 0.00000000, 0.00000000,16.00000000, 0.00000000, 0.00000000, 1.00000000, 0.16000000
