"","var","n","wt","dev","yval","complexity","ncompete","nsurrogate","yval2.","yval2.","yval2.","yval2.","yval2.","yval2.","yval2.","yval2.nodeprob"
"1","Petal.Length",99,99,46,1,0.50000000,3,3, 1.00000000,53.00000000,23.00000000,23.00000000, 0.53535354, 0.23232323, 0.23232323, 1.00000000
"2","<leaf>",53,53, 0,1,0.00000000,0,0, 1.00000000,53.00000000, 0.00000000, 0.00000000, 1.00000000, 0.00000000, 0.00000000, 0.53535354
"3","Petal.Length",46,46,23,2,0.45652174,3,3, 2.00000000, 0.00000000,23.00000000,23.00000000, 0.00000000, 0.50000000, 0.50000000, 0.46464646
"6","<leaf>",21,21, 0,2,0.00000000,0,0, 2.00000000, 0.00000000,21.00000000, 0.00000000, 0.00000000, 1.00000000, 0.00000000, 0.21212121
"7","Petal.Length",25,25, 2,3,0.02173913,3,0, 3.00000000, 0.00000000, 2.00000000,23.00000000, 0.00000000, 0.08000000, 0.92000000, 0.25252525
"14","Sepal.Width", 4, 4, 2,2,0.02173913,3,0, 2.00000000, 0.00000000, 2.00000000, 2.00000000, 0.00000000, 0.50000000, 0.50000000, 0.04040404
"28","<leaf>", 2, 2, 0,2,0.00000000,0,0, 2.00000000, 0.00000000, 2.00000000, 0.00000000, 0.00000000, 1.00000000, 0.00000000, 0.02020202
"29","<leaf>", 2, 2, 0,3,0.00000000,0,0, 3.00000000, 0.00000000, 0.00000000, 2.00000000, 0.00000000, 0.00000000, 1.00000000, 0.02020202
"15","<leaf>",21,21, 0,3,0.00000000,0,0, 3.00000000, 0.00000000, 0.00000000,21.00000000, 0.00000000, 0.00000000, 1.00000000, 0.21212121
