"","var","n","wt","dev","yval","complexity","ncompete","nsurrogate","yval2.","yval2.","yval2.","yval2.","yval2.","yval2.","yval2.","yval2.nodeprob"
"1","Petal.Width",99,99,47,3,0.5319149,3,3, 3.00000000,19.00000000,28.00000000,52.00000000, 0.19191919, 0.28282828, 0.52525253, 1.00000000
"2","Petal.Length",48,48,21,2,0.4042553,3,3, 2.00000000,19.00000000,27.00000000, 2.00000000, 0.39583333, 0.56250000, 0.04166667, 0.48484848
"4","<leaf>",19,19, 0,1,0.0000000,0,0, 1.00000000,19.00000000, 0.00000000, 0.00000000, 1.00000000, 0.00000000, 0.00000000, 0.19191919
"5","Petal.Length",29,29, 2,2,0.0212766,3,0, 2.00000000, 0.00000000,27.00000000, 2.00000000, 0.00000000, 0.93103448, 0.06896552, 0.29292929
"10","<leaf>",26,26, 0,2,0.0000000,0,0, 2.00000000, 0.00000000,26.00000000, 0.00000000, 0.00000000, 1.00000000, 0.00000000, 0.26262626
"11","Sepal.Length", 3, 3, 1,3,0.0212766,3,0, 3.00000000, 0.00000000, 1.00000000, 2.00000000, 0.00000000, 0.33333333, 0.66666667, 0.03030303
"22","<leaf>", 1, 1, 0,2,0.0000000,0,0, 2.00000000, 0.00000000, 1.00000000, 0.00000000, 0.00000000, 1.00000000, 0.00000000, 0.01010101
"23","<leaf>", 2, 2, 0,3,0.0000000,0,0, 3.00000000, 0.00000000, 0.00000000, 2.00000000, 0.00000000, 0.00000000, 1.00000000, 0.02020202
"3","Petal.Length",51,51, 1,3,0.0106383,3,0, 3.00000000, 0.00000000, 1.00000000,50.00000000, 0.00000000, 0.01960784, 0.98039216, 0.51515152
"6","Sepal.Width", 3, 3, 1,3,0.0106383,3,0, 3.00000000, 0.00000000, 1.00000000, 2.00000000, 0.00000000, 0.33333333, 0.66666667, 0.03030303
"12","<leaf>", 1, 1, 0,2,0.0000000,0,0, 2.00000000, 0.00000000, 1.00000000, 0.00000000, 0.00000000, 1.00000000, 0.00000000, 0.01010101
"13","<leaf>", 2, 2, 0,3,0.0000000,0,0, 3.00000000, 0.00000000, 0.00000000, 2.00000000, 0.00000000, 0.00000000, 1.00000000, 0.02020202
"7","<leaf>",48,48, 0,3,0.0000000,0,0, 3.00000000, 0.00000000, 0.00000000,48.00000000, 0.00000000, 0.00000000, 1.00000000, 0.48484848
