"","var","n","wt","dev","yval","complexity","ncompete","nsurrogate","yval2.","yval2.","yval2.","yval2.","yval2.","yval2.","yval2.","yval2.nodeprob"
"1","Petal.Length",100,100,49,3,0.46938776,3,3, 3.00000000,23.00000000,26.00000000,51.00000000, 0.23000000, 0.26000000, 0.51000000, 1.00000000
"2","Petal.Length", 50, 50,25,2,0.46938776,3,3, 2.00000000,23.00000000,25.00000000, 2.00000000, 0.46000000, 0.50000000, 0.04000000, 0.50000000
"4","<leaf>", 23, 23, 0,1,0.00000000,0,0, 1.00000000,23.00000000, 0.00000000, 0.00000000, 1.00000000, 0.00000000, 0.00000000, 0.23000000
"5","Petal.Width", 27, 27, 2,2,0.02040816,3,1, 2.00000000, 0.00000000,25.00000000, 2.00000000, 0.00000000, 0.92592593, 0.07407407, 0.27000000
"10","<leaf>", 24, 24, 0,2,0.00000000,0,0, 2.00000000, 0.00000000,24.00000000, 0.00000000, 0.00000000, 1.00000000, 0.00000000, 0.24000000
"11","Sepal.Length",  3,  3, 1,3,0.02040816,2,0, 3.00000000, 0.00000000, 1.00000000, 2.00000000, 0.00000000, 0.33333333, 0.66666667, 0.03000000
"22","<leaf>",  1,  1, 0,2,0.00000000,0,0, 2.00000000, 0.00000000, 1.00000000, 0.00000000, 0.00000000, 1.00000000, 0.00000000, 0.01000000
"23","<leaf>",  2,  2, 0,3,0.00000000,0,0, 3.00000000, 0.00000000, 0.00000000, 2.00000000, 0.00000000, 0.00000000, 1.00000000, 0.02000000
"3","Petal.Length", 50, 50, 1,3,0.01020408,3,1, 3.00000000, 0.00000000, 1.00000000,49.00000000, 0.00000000, 0.02000000, 0.98000000, 0.50000000
"6","Sepal.Length",  3,  3, 1,3,0.01020408,2,0, 3.00000000, 0.00000000, 1.00000000, 2.00000000, 0.00000000, 0.33333333, 0.66666667, 0.03000000
"12","<leaf>",  1,  1, 0,2,0.00000000,0,0, 2.00000000, 0.00000000, 1.00000000, 0.00000000, 0.00000000, 1.00000000, 0.00000000, 0.01000000
"13","<leaf>",  2,  2, 0,3,0.00000000,0,0, 3.00000000, 0.00000000, 0.00000000, 2.00000000, 0.00000000, 0.00000000, 1.00000000, 0.02000000
"7","<leaf>", 47, 47, 0,3,0.00000000,0,0, 3.00000000, 0.00000000, 0.00000000,47.00000000, 0.00000000, 0.00000000, 1.00000000, 0.47000000
