"","var","n","wt","dev","yval","complexity","ncompete","nsurrogate","yval2.","yval2.","yval2.","yval2.","yval2.","yval2.","yval2.","yval2.nodeprob"
"1","Petal.Length",99,99,48,3,0.52083333,3,3, 3.00000000,25.00000000,23.00000000,51.00000000, 0.25252525, 0.23232323, 0.51515152, 1.00000000
"2","Petal.Length",46,46,21,1,0.43750000,3,3, 1.00000000,25.00000000,21.00000000, 0.00000000, 0.54347826, 0.45652174, 0.00000000, 0.46464646
"4","<leaf>",25,25, 0,1,0.00000000,0,0, 1.00000000,25.00000000, 0.00000000, 0.00000000, 1.00000000, 0.00000000, 0.00000000, 0.25252525
"5","<leaf>",21,21, 0,2,0.00000000,0,0, 2.00000000, 0.00000000,21.00000000, 0.00000000, 0.00000000, 1.00000000, 0.00000000, 0.21212121
"3","Petal.Length",53,53, 2,3,0.01388889,3,3, 3.00000000, 0.00000000, 2.00000000,51.00000000, 0.00000000, 0.03773585, 0.96226415, 0.53535354
"6","Sepal.Length", 6, 6, 2,3,0.01388889,3,0, 3.00000000, 0.00000000, 2.00000000, 4.00000000, 0.00000000, 0.33333333, 0.66666667, 0.06060606
"12","<leaf>", 1, 1, 0,2,0.00000000,0,0, 2.00000000, 0.00000000, 1.00000000, 0.00000000, 0.00000000, 1.00000000, 0.00000000, 0.01010101
"13","Sepal.Width", 5, 5, 1,3,0.01388889,3,0, 3.00000000, 0.00000000, 1.00000000, 4.00000000, 0.00000000, 0.20000000, 0.80000000, 0.05050505
"26","<leaf>", 1, 1, 0,2,0.00000000,0,0, 2.00000000, 0.00000000, 1.00000000, 0.00000000, 0.00000000, 1.00000000, 0.00000000, 0.01010101
"27","<leaf>", 4, 4, 0,3,0.00000000,0,0, 3.00000000, 0.00000000, 0.00000000, 4.00000000, 0.00000000, 0.00000000, 1.00000000, 0.04040404
"7","<leaf>",47,47, 0,3,0.00000000,0,0, 3.00000000, 0.00000000, 0.00000000,47.00000000, 0.00000000, 0.00000000, 1.00000000, 0.47474747
