"","var","n","wt","dev","yval","complexity","ncompete","nsurrogate","yval2.","yval2.","yval2.","yval2.","yval2.","yval2.","yval2.","yval2.nodeprob"
"1","Petal.Length",100,100,52,3,0.480769231,3,3, 3.00000000,25.00000000,27.00000000,48.00000000, 0.25000000, 0.27000000, 0.48000000, 1.00000000
"2","Petal.Length", 52, 52,26,2,0.480769231,3,3, 2.00000000,25.00000000,26.00000000, 1.00000000, 0.48076923, 0.50000000, 0.01923077, 0.52000000
"4","<leaf>", 25, 25, 0,1,0.000000000,0,0, 1.00000000,25.00000000, 0.00000000, 0.00000000, 1.00000000, 0.00000000, 0.00000000, 0.25000000
"5","Sepal.Length", 27, 27, 1,2,0.019230769,3,0, 2.00000000, 0.00000000,26.00000000, 1.00000000, 0.00000000, 0.96296296, 0.03703704, 0.27000000
"10","<leaf>", 26, 26, 0,2,0.000000000,0,0, 2.00000000, 0.00000000,26.00000000, 0.00000000, 0.00000000, 1.00000000, 0.00000000, 0.26000000
"11","<leaf>",  1,  1, 0,3,0.000000000,0,0, 3.00000000, 0.00000000, 0.00000000, 1.00000000, 0.00000000, 0.00000000, 1.00000000, 0.01000000
"3","Sepal.Length", 48, 48, 1,3,0.009615385,3,0, 3.00000000, 0.00000000, 1.00000000,47.00000000, 0.00000000, 0.02083333, 0.97916667, 0.48000000
"6","Petal.Width",  3,  3, 1,3,0.009615385,3,0, 3.00000000, 0.00000000, 1.00000000, 2.00000000, 0.00000000, 0.33333333, 0.66666667, 0.03000000
"12","<leaf>",  1,  1, 0,2,0.000000000,0,0, 2.00000000, 0.00000000, 1.00000000, 0.00000000, 0.00000000, 1.00000000, 0.00000000, 0.01000000
"13","<leaf>",  2,  2, 0,3,0.000000000,0,0, 3.00000000, 0.00000000, 0.00000000, 2.00000000, 0.00000000, 0.00000000, 1.00000000, 0.02000000
"7","<leaf>", 45, 45, 0,3,0.000000000,0,0, 3.00000000, 0.00000000, 0.00000000,45.00000000, 0.00000000, 0.00000000, 1.00000000, 0.45000000
