"","var","n","wt","dev","yval","complexity","ncompete","nsurrogate","yval2.","yval2.","yval2.","yval2.","yval2.","yval2.","yval2.","yval2.nodeprob"
"1","Petal.Length",100,100,54,2,0.481481481,3,3, 2.00000000,26.00000000,46.00000000,28.00000000, 0.26000000, 0.46000000, 0.28000000, 1.00000000
"2","<leaf>", 26, 26, 0,1,0.000000000,0,0, 1.00000000,26.00000000, 0.00000000, 0.00000000, 1.00000000, 0.00000000, 0.00000000, 0.26000000
"3","Petal.Length", 74, 74,28,2,0.444444444,3,3, 2.00000000, 0.00000000,46.00000000,28.00000000, 0.00000000, 0.62162162, 0.37837838, 0.74000000
"6","Petal.Width", 44, 44, 1,2,0.018518519,3,0, 2.00000000, 0.00000000,43.00000000, 1.00000000, 0.00000000, 0.97727273, 0.02272727, 0.44000000
"12","<leaf>", 43, 43, 0,2,0.000000000,0,0, 2.00000000, 0.00000000,43.00000000, 0.00000000, 0.00000000, 1.00000000, 0.00000000, 0.43000000
"13","<leaf>",  1,  1, 0,3,0.000000000,0,0, 3.00000000, 0.00000000, 0.00000000, 1.00000000, 0.00000000, 0.00000000, 1.00000000, 0.01000000
"7","Petal.Length", 30, 30, 3,3,0.018518519,3,0, 3.00000000, 0.00000000, 3.00000000,27.00000000, 0.00000000, 0.10000000, 0.90000000, 0.30000000
"14","Sepal.Width",  7,  7, 3,3,0.018518519,3,2, 3.00000000, 0.00000000, 3.00000000, 4.00000000, 0.00000000, 0.42857143, 0.57142857, 0.07000000
"28","Sepal.Length",  4,  4, 1,2,0.009259259,3,2, 2.00000000, 0.00000000, 3.00000000, 1.00000000, 0.00000000, 0.75000000, 0.25000000, 0.04000000
"56","<leaf>",  2,  2, 0,2,0.000000000,0,0, 2.00000000, 0.00000000, 2.00000000, 0.00000000, 0.00000000, 1.00000000, 0.00000000, 0.02000000
"57","Sepal.Length",  2,  2, 1,2,0.009259259,1,0, 2.00000000, 0.00000000, 1.00000000, 1.00000000, 0.00000000, 0.50000000, 0.50000000, 0.02000000
"114","<leaf>",  1,  1, 0,2,0.000000000,0,0, 2.00000000, 0.00000000, 1.00000000, 0.00000000, 0.00000000, 1.00000000, 0.00000000, 0.01000000
"115","<leaf>",  1,  1, 0,3,0.000000000,0,0, 3.00000000, 0.00000000, 0.00000000, 1.00000000, 0.00000000, 0.00000000, 1.00000000, 0.01000000
"29","<leaf>",  3,  3, 0,3,0.000000000,0,0, 3.00000000, 0.00000000, 0.00000000, 3.00000000, 0.00000000, 0.00000000, 1.00000000, 0.03000000
"15","<leaf>", 23, 23, 0,3,0.000000000,0,0, 3.00000000, 0.00000000, 0.00000000,23.00000000, 0.00000000, 0.00000000, 1.00000000, 0.23000000
