"","var","n","wt","dev","yval","complexity","ncompete","nsurrogate","yval2.","yval2.","yval2.","yval2.","yval2.","yval2.","yval2.","yval2.nodeprob"
"1","Petal.Length",100,100,52,3,0.519230769,3,3, 3.00000000,28.00000000,24.00000000,48.00000000, 0.28000000, 0.24000000, 0.48000000, 1.00000000
"2","Petal.Length", 52, 52,24,1,0.442307692,3,3, 1.00000000,28.00000000,23.00000000, 1.00000000, 0.53846154, 0.44230769, 0.01923077, 0.52000000
"4","<leaf>", 28, 28, 0,1,0.000000000,0,0, 1.00000000,28.00000000, 0.00000000, 0.00000000, 1.00000000, 0.00000000, 0.00000000, 0.28000000
"5","Petal.Width", 24, 24, 1,2,0.009615385,3,1, 2.00000000, 0.00000000,23.00000000, 1.00000000, 0.00000000, 0.95833333, 0.04166667, 0.24000000
"10","<leaf>", 22, 22, 0,2,0.000000000,0,0, 2.00000000, 0.00000000,22.00000000, 0.00000000, 0.00000000, 1.00000000, 0.00000000, 0.22000000
"11","Sepal.Length",  2,  2, 1,2,0.009615385,1,0, 2.00000000, 0.00000000, 1.00000000, 1.00000000, 0.00000000, 0.50000000, 0.50000000, 0.02000000
"22","<leaf>",  1,  1, 0,2,0.000000000,0,0, 2.00000000, 0.00000000, 1.00000000, 0.00000000, 0.00000000, 1.00000000, 0.00000000, 0.01000000
"23","<leaf>",  1,  1, 0,3,0.000000000,0,0, 3.00000000, 0.00000000, 0.00000000, 1.00000000, 0.00000000, 0.00000000, 1.00000000, 0.01000000
"3","Petal.Width", 48, 48, 1,3,0.009615385,3,0, 3.00000000, 0.00000000, 1.00000000,47.00000000, 0.00000000, 0.02083333, 0.97916667, 0.48000000
"6","Sepal.Length",  3,  3, 1,3,0.009615385,3,0, 3.00000000, 0.00000000, 1.00000000, 2.00000000, 0.00000000, 0.33333333, 0.66666667, 0.03000000
"12","<leaf>",  1,  1, 0,2,0.000000000,0,0, 2.00000000, 0.00000000, 1.00000000, 0.00000000, 0.00000000, 1.00000000, 0.00000000, 0.01000000
"13","<leaf>",  2,  2, 0,3,0.000000000,0,0, 3.00000000, 0.00000000, 0.00000000, 2.00000000, 0.00000000, 0.00000000, 1.00000000, 0.02000000
"7","<leaf>", 45, 45, 0,3,0.000000000,0,0, 3.00000000, 0.00000000, 0.00000000,45.00000000, 0.00000000, 0.00000000, 1.00000000, 0.45000000
