"","var","n","wt","dev","yval","complexity","ncompete","nsurrogate","yval2.","yval2.","yval2.","yval2.","yval2.","yval2.","yval2.","yval2.nodeprob"
"1","Petal.Width",99,99,48,3,0.47916667,3,3, 3.00000000,23.00000000,25.00000000,51.00000000, 0.23232323, 0.25252525, 0.51515152, 1.00000000
"2","Petal.Length",50,50,25,2,0.47916667,3,3, 2.00000000,23.00000000,25.00000000, 2.00000000, 0.46000000, 0.50000000, 0.04000000, 0.50505051
"4","<leaf>",23,23, 0,1,0.00000000,0,0, 1.00000000,23.00000000, 0.00000000, 0.00000000, 1.00000000, 0.00000000, 0.00000000, 0.23232323
"5","Sepal.Length",27,27, 2,2,0.02083333,3,0, 2.00000000, 0.00000000,25.00000000, 2.00000000, 0.00000000, 0.92592593, 0.07407407, 0.27272727
"10","Petal.Length",26,26, 1,2,0.02083333,3,0, 2.00000000, 0.00000000,25.00000000, 1.00000000, 0.00000000, 0.96153846, 0.03846154, 0.26262626
"20","<leaf>",25,25, 0,2,0.00000000,0,0, 2.00000000, 0.00000000,25.00000000, 0.00000000, 0.00000000, 1.00000000, 0.00000000, 0.25252525
"21","<leaf>", 1, 1, 0,3,0.00000000,0,0, 3.00000000, 0.00000000, 0.00000000, 1.00000000, 0.00000000, 0.00000000, 1.00000000, 0.01010101
"11","<leaf>", 1, 1, 0,3,0.00000000,0,0, 3.00000000, 0.00000000, 0.00000000, 1.00000000, 0.00000000, 0.00000000, 1.00000000, 0.01010101
"3","<leaf>",49,49, 0,3,0.00000000,0,0, 3.00000000, 0.00000000, 0.00000000,49.00000000, 0.00000000, 0.00000000, 1.00000000, 0.49494949
