"","var","n","wt","dev","yval","complexity","ncompete","nsurrogate","yval2.","yval2.","yval2.","yval2.","yval2.","yval2.","yval2.","yval2.nodeprob"
"1","Petal.Length",100,100,50,2,0.60,3,3, 2.0000000,30.0000000,50.0000000,20.0000000, 0.3000000, 0.5000000, 0.2000000, 1.0000000
"2","<leaf>", 30, 30, 0,1,0.00,0,0, 1.0000000,30.0000000, 0.0000000, 0.0000000, 1.0000000, 0.0000000, 0.0000000, 0.3000000
"3","Petal.Length", 70, 70,20,2,0.36,3,3, 2.0000000, 0.0000000,50.0000000,20.0000000, 0.0000000, 0.7142857, 0.2857143, 0.7000000
"6","Petal.Width", 50, 50, 1,2,0.01,3,1, 2.0000000, 0.0000000,49.0000000, 1.0000000, 0.0000000, 0.9800000, 0.0200000, 0.5000000
"12","<leaf>", 48, 48, 0,2,0.00,0,0, 2.0000000, 0.0000000,48.0000000, 0.0000000, 0.0000000, 1.0000000, 0.0000000, 0.4800000
"13","Sepal.Length",  2,  2, 1,2,0.01,1,0, 2.0000000, 0.0000000, 1.0000000, 1.0000000, 0.0000000, 0.5000000, 0.5000000, 0.0200000
"26","<leaf>",  1,  1, 0,2,0.00,0,0, 2.0000000, 0.0000000, 1.0000000, 0.0000000, 0.0000000, 1.0000000, 0.0000000, 0.0100000
"27","<leaf>",  1,  1, 0,3,0.00,0,0, 3.0000000, 0.0000000, 0.0000000, 1.0000000, 0.0000000, 0.0000000, 1.0000000, 0.0100000
"7","Petal.Width", 20, 20, 1,3,0.01,3,0, 3.0000000, 0.0000000, 1.0000000,19.0000000, 0.0000000, 0.0500000, 0.9500000, 0.2000000
"14","Petal.Width",  3,  3, 1,3,0.01,3,0, 3.0000000, 0.0000000, 1.0000000, 2.0000000, 0.0000000, 0.3333333, 0.6666667, 0.0300000
"28","<leaf>",  1,  1, 0,2,0.00,0,0, 2.0000000, 0.0000000, 1.0000000, 0.0000000, 0.0000000, 1.0000000, 0.0000000, 0.0100000
"29","<leaf>",  2,  2, 0,3,0.00,0,0, 3.0000000, 0.0000000, 0.0000000, 2.0000000, 0.0000000, 0.0000000, 1.0000000, 0.0200000
"15","<leaf>", 17, 17, 0,3,0.00,0,0, 3.0000000, 0.0000000, 0.0000000,17.0000000, 0.0000000, 0.0000000, 1.0000000, 0.1700000
