"","var","n","wt","dev","yval","complexity","ncompete","nsurrogate","yval2.","yval2.","yval2.","yval2.","yval2.","yval2.","yval2.","yval2.nodeprob"
"1","Petal.Length",99,99,42,3,0.61904762,3,3, 3.00000000,26.00000000,16.00000000,57.00000000, 0.26262626, 0.16161616, 0.57575758, 1.00000000
"2","Petal.Length",40,40,14,1,0.33333333,3,3, 1.00000000,26.00000000,14.00000000, 0.00000000, 0.65000000, 0.35000000, 0.00000000, 0.40404040
"4","<leaf>",26,26, 0,1,0.00000000,0,0, 1.00000000,26.00000000, 0.00000000, 0.00000000, 1.00000000, 0.00000000, 0.00000000, 0.26262626
"5","<leaf>",14,14, 0,2,0.00000000,0,0, 2.00000000, 0.00000000,14.00000000, 0.00000000, 0.00000000, 1.00000000, 0.00000000, 0.14141414
"3","Petal.Width",59,59, 2,3,0.02380952,3,0, 3.00000000, 0.00000000, 2.00000000,57.00000000, 0.00000000, 0.03389831, 0.96610169, 0.59595960
"6","Petal.Length", 4, 4, 2,2,0.02380952,2,0, 2.00000000, 0.00000000, 2.00000000, 2.00000000, 0.00000000, 0.50000000, 0.50000000, 0.04040404
"12","<leaf>", 2, 2, 0,2,0.00000000,0,0, 2.00000000, 0.00000000, 2.00000000, 0.00000000, 0.00000000, 1.00000000, 0.00000000, 0.02020202
"13","<leaf>", 2, 2, 0,3,0.00000000,0,0, 3.00000000, 0.00000000, 0.00000000, 2.00000000, 0.00000000, 0.00000000, 1.00000000, 0.02020202
"7","<leaf>",55,55, 0,3,0.00000000,0,0, 3.00000000, 0.00000000, 0.00000000,55.00000000, 0.00000000, 0.00000000, 1.00000000, 0.55555556
