"","var","n","wt","dev","yval","complexity","ncompete","nsurrogate","yval2.","yval2.","yval2.","yval2.","yval2.","yval2.","yval2.","yval2.nodeprob"
"1","Petal.Length",100,100,48,2,0.56250000,3,3, 2.00000000,27.00000000,52.00000000,21.00000000, 0.27000000, 0.52000000, 0.21000000, 1.00000000
"2","<leaf>", 27, 27, 0,1,0.00000000,0,0, 1.00000000,27.00000000, 0.00000000, 0.00000000, 1.00000000, 0.00000000, 0.00000000, 0.27000000
"3","Petal.Width", 73, 73,21,2,0.35416667,3,3, 2.00000000, 0.00000000,52.00000000,21.00000000, 0.00000000, 0.71232877, 0.28767123, 0.73000000
"6","Petal.Length", 54, 54, 3,2,0.04166667,3,1, 2.00000000, 0.00000000,51.00000000, 3.00000000, 0.00000000, 0.94444444, 0.05555556, 0.54000000
"12","<leaf>", 50, 50, 0,2,0.00000000,0,0, 2.00000000, 0.00000000,50.00000000, 0.00000000, 0.00000000, 1.00000000, 0.00000000, 0.50000000
"13","Sepal.Length",  4,  4, 1,3,0.02083333,3,0, 3.00000000, 0.00000000, 1.00000000, 3.00000000, 0.00000000, 0.25000000, 0.75000000, 0.04000000
"26","<leaf>",  1,  1, 0,2,0.00000000,0,0, 2.00000000, 0.00000000, 1.00000000, 0.00000000, 0.00000000, 1.00000000, 0.00000000, 0.01000000
"27","<leaf>",  3,  3, 0,3,0.00000000,0,0, 3.00000000, 0.00000000, 0.00000000, 3.00000000, 0.00000000, 0.00000000, 1.00000000, 0.03000000
"7","Sepal.Length", 19, 19, 1,3,0.01041667,3,1, 3.00000000, 0.00000000, 1.00000000,18.00000000, 0.00000000, 0.05263158, 0.94736842, 0.19000000
"14","Sepal.Length",  3,  3, 1,3,0.01041667,3,0, 3.00000000, 0.00000000, 1.00000000, 2.00000000, 0.00000000, 0.33333333, 0.66666667, 0.03000000
"28","<leaf>",  1,  1, 0,2,0.00000000,0,0, 2.00000000, 0.00000000, 1.00000000, 0.00000000, 0.00000000, 1.00000000, 0.00000000, 0.01000000
"29","<leaf>",  2,  2, 0,3,0.00000000,0,0, 3.00000000, 0.00000000, 0.00000000, 2.00000000, 0.00000000, 0.00000000, 1.00000000, 0.02000000
"15","<leaf>", 16, 16, 0,3,0.00000000,0,0, 3.00000000, 0.00000000, 0.00000000,16.00000000, 0.00000000, 0.00000000, 1.00000000, 0.16000000
