"","var","n","wt","dev","yval","complexity","ncompete","nsurrogate","yval2.","yval2.","yval2.","yval2.","yval2.","yval2.","yval2.","yval2.nodeprob"
"1","Petal.Length",99,99,47,3,0.4893617,3,3, 3.00000000,23.00000000,24.00000000,52.00000000, 0.23232323, 0.24242424, 0.52525253, 1.00000000
"2","Petal.Length",44,44,21,1,0.4468085,3,3, 1.00000000,23.00000000,21.00000000, 0.00000000, 0.52272727, 0.47727273, 0.00000000, 0.44444444
"4","<leaf>",23,23, 0,1,0.0000000,0,0, 1.00000000,23.00000000, 0.00000000, 0.00000000, 1.00000000, 0.00000000, 0.00000000, 0.23232323
"5","<leaf>",21,21, 0,2,0.0000000,0,0, 2.00000000, 0.00000000,21.00000000, 0.00000000, 0.00000000, 1.00000000, 0.00000000, 0.21212121
"3","Petal.Width",55,55, 3,3,0.0212766,3,0, 3.00000000, 0.00000000, 3.00000000,52.00000000, 0.00000000, 0.05454545, 0.94545455, 0.55555556
"6","Sepal.Width", 6, 6, 3,2,0.0212766,3,2, 2.00000000, 0.00000000, 3.00000000, 3.00000000, 0.00000000, 0.50000000, 0.50000000, 0.06060606
"12","Sepal.Length", 4, 4, 1,2,0.0212766,3,0, 2.00000000, 0.00000000, 3.00000000, 1.00000000, 0.00000000, 0.75000000, 0.25000000, 0.04040404
"24","<leaf>", 3, 3, 0,2,0.0000000,0,0, 2.00000000, 0.00000000, 3.00000000, 0.00000000, 0.00000000, 1.00000000, 0.00000000, 0.03030303
"25","<leaf>", 1, 1, 0,3,0.0000000,0,0, 3.00000000, 0.00000000, 0.00000000, 1.00000000, 0.00000000, 0.00000000, 1.00000000, 0.01010101
"13","<leaf>", 2, 2, 0,3,0.0000000,0,0, 3.00000000, 0.00000000, 0.00000000, 2.00000000, 0.00000000, 0.00000000, 1.00000000, 0.02020202
"7","<leaf>",49,49, 0,3,0.0000000,0,0, 3.00000000, 0.00000000, 0.00000000,49.00000000, 0.00000000, 0.00000000, 1.00000000, 0.49494949
