"","var","n","wt","dev","yval","complexity","ncompete","nsurrogate","yval2.","yval2.","yval2.","yval2.","yval2.","yval2.","yval2.","yval2.nodeprob"
"1","Petal.Length",100,100,55,2,0.490909091,3,3, 2.00000000,27.00000000,45.00000000,28.00000000, 0.27000000, 0.45000000, 0.28000000, 1.00000000
"2","<leaf>", 27, 27, 0,1,0.000000000,0,0, 1.00000000,27.00000000, 0.00000000, 0.00000000, 1.00000000, 0.00000000, 0.00000000, 0.27000000
"3","Petal.Width", 73, 73,28,2,0.472727273,3,3, 2.00000000, 0.00000000,45.00000000,28.00000000, 0.00000000, 0.61643836, 0.38356164, 0.73000000
"6","Petal.Length", 47, 47, 2,2,0.018181818,3,0, 2.00000000, 0.00000000,45.00000000, 2.00000000, 0.00000000, 0.95744681, 0.04255319, 0.47000000
"12","Sepal.Width", 46, 46, 1,2,0.009090909,3,0, 2.00000000, 0.00000000,45.00000000, 1.00000000, 0.00000000, 0.97826087, 0.02173913, 0.46000000
"24","<leaf>", 44, 44, 0,2,0.000000000,0,0, 2.00000000, 0.00000000,44.00000000, 0.00000000, 0.00000000, 1.00000000, 0.00000000, 0.44000000
"25","Sepal.Length",  2,  2, 1,2,0.009090909,3,0, 2.00000000, 0.00000000, 1.00000000, 1.00000000, 0.00000000, 0.50000000, 0.50000000, 0.02000000
"50","<leaf>",  1,  1, 0,2,0.000000000,0,0, 2.00000000, 0.00000000, 1.00000000, 0.00000000, 0.00000000, 1.00000000, 0.00000000, 0.01000000
"51","<leaf>",  1,  1, 0,3,0.000000000,0,0, 3.00000000, 0.00000000, 0.00000000, 1.00000000, 0.00000000, 0.00000000, 1.00000000, 0.01000000
"13","<leaf>",  1,  1, 0,3,0.000000000,0,0, 3.00000000, 0.00000000, 0.00000000, 1.00000000, 0.00000000, 0.00000000, 1.00000000, 0.01000000
"7","<leaf>", 26, 26, 0,3,0.000000000,0,0, 3.00000000, 0.00000000, 0.00000000,26.00000000, 0.00000000, 0.00000000, 1.00000000, 0.26000000
