"","var","n","wt","dev","yval","complexity","ncompete","nsurrogate","yval2.","yval2.","yval2.","yval2.","yval2.","yval2.","yval2.","yval2.nodeprob"
"1","Petal.Length",99,99,51,1,0.568627451,3,3, 1.00000000,48.00000000,22.00000000,29.00000000, 0.48484848, 0.22222222, 0.29292929, 1.00000000
"2","<leaf>",48,48, 0,1,0.000000000,0,0, 1.00000000,48.00000000, 0.00000000, 0.00000000, 1.00000000, 0.00000000, 0.00000000, 0.48484848
"3","Petal.Length",51,51,22,3,0.392156863,3,3, 3.00000000, 0.00000000,22.00000000,29.00000000, 0.00000000, 0.43137255, 0.56862745, 0.51515152
"6","Petal.Width",22,22, 1,2,0.009803922,3,1, 2.00000000, 0.00000000,21.00000000, 1.00000000, 0.00000000, 0.95454545, 0.04545455, 0.22222222
"12","<leaf>",20,20, 0,2,0.000000000,0,0, 2.00000000, 0.00000000,20.00000000, 0.00000000, 0.00000000, 1.00000000, 0.00000000, 0.20202020
"13","Sepal.Length", 2, 2, 1,2,0.009803922,1,0, 2.00000000, 0.00000000, 1.00000000, 1.00000000, 0.00000000, 0.50000000, 0.50000000, 0.02020202
"26","<leaf>", 1, 1, 0,2,0.000000000,0,0, 2.00000000, 0.00000000, 1.00000000, 0.00000000, 0.00000000, 1.00000000, 0.00000000, 0.01010101
"27","<leaf>", 1, 1, 0,3,0.000000000,0,0, 3.00000000, 0.00000000, 0.00000000, 1.00000000, 0.00000000, 0.00000000, 1.00000000, 0.01010101
"7","Petal.Width",29,29, 1,3,0.009803922,3,0, 3.00000000, 0.00000000, 1.00000000,28.00000000, 0.00000000, 0.03448276, 0.96551724, 0.29292929
"14","Sepal.Length", 2, 2, 1,2,0.009803922,2,0, 2.00000000, 0.00000000, 1.00000000, 1.00000000, 0.00000000, 0.50000000, 0.50000000, 0.02020202
"28","<leaf>", 1, 1, 0,2,0.000000000,0,0, 2.00000000, 0.00000000, 1.00000000, 0.00000000, 0.00000000, 1.00000000, 0.00000000, 0.01010101
"29","<leaf>", 1, 1, 0,3,0.000000000,0,0, 3.00000000, 0.00000000, 0.00000000, 1.00000000, 0.00000000, 0.00000000, 1.00000000, 0.01010101
"15","<leaf>",27,27, 0,3,0.000000000,0,0, 3.00000000, 0.00000000, 0.00000000,27.00000000, 0.00000000, 0.00000000, 1.00000000, 0.27272727
