"","var","n","wt","dev","yval","complexity","ncompete","nsurrogate","yval2.","yval2.","yval2.","yval2.","yval2.","yval2.","yval2.","yval2.nodeprob"
"1","Petal.Length",100,100,49,1,0.51020408,3,3, 1.0000000,51.0000000,24.0000000,25.0000000, 0.5100000, 0.2400000, 0.2500000, 1.0000000
"2","<leaf>", 51, 51, 0,1,0.00000000,0,0, 1.0000000,51.0000000, 0.0000000, 0.0000000, 1.0000000, 0.0000000, 0.0000000, 0.5100000
"3","Petal.Width", 49, 49,24,3,0.42857143,3,3, 3.0000000, 0.0000000,24.0000000,25.0000000, 0.0000000, 0.4897959, 0.5102041, 0.4900000
"6","Petal.Length", 27, 27, 3,2,0.04081633,3,1, 2.0000000, 0.0000000,24.0000000, 3.0000000, 0.0000000, 0.8888889, 0.1111111, 0.2700000
"12","<leaf>", 23, 23, 0,2,0.00000000,0,0, 2.0000000, 0.0000000,23.0000000, 0.0000000, 0.0000000, 1.0000000, 0.0000000, 0.2300000
"13","Sepal.Length",  4,  4, 1,3,0.02040816,3,0, 3.0000000, 0.0000000, 1.0000000, 3.0000000, 0.0000000, 0.2500000, 0.7500000, 0.0400000
"26","<leaf>",  1,  1, 0,2,0.00000000,0,0, 2.0000000, 0.0000000, 1.0000000, 0.0000000, 0.0000000, 1.0000000, 0.0000000, 0.0100000
"27","<leaf>",  3,  3, 0,3,0.00000000,0,0, 3.0000000, 0.0000000, 0.0000000, 3.0000000, 0.0000000, 0.0000000, 1.0000000, 0.0300000
"7","<leaf>", 22, 22, 0,3,0.00000000,0,0, 3.0000000, 0.0000000, 0.0000000,22.0000000, 0.0000000, 0.0000000, 1.0000000, 0.2200000
