"","var","n","wt","dev","yval","complexity","ncompete","nsurrogate","yval2.","yval2.","yval2.","yval2.","yval2.","yval2.","yval2.","yval2.nodeprob"
"1","Petal.Width",100,100,49,3,0.57142857,3,3, 3.00000000,29.00000000,20.00000000,51.00000000, 0.29000000, 0.20000000, 0.51000000, 1.00000000
"2","Petal.Length", 49, 49,20,1,0.38775510,3,3, 1.00000000,29.00000000,19.00000000, 1.00000000, 0.59183673, 0.38775510, 0.02040816, 0.49000000
"4","<leaf>", 29, 29, 0,1,0.00000000,0,0, 1.00000000,29.00000000, 0.00000000, 0.00000000, 1.00000000, 0.00000000, 0.00000000, 0.29000000
"5","Petal.Length", 20, 20, 1,2,0.02040816,3,0, 2.00000000, 0.00000000,19.00000000, 1.00000000, 0.00000000, 0.95000000, 0.05000000, 0.20000000
"10","<leaf>", 19, 19, 0,2,0.00000000,0,0, 2.00000000, 0.00000000,19.00000000, 0.00000000, 0.00000000, 1.00000000, 0.00000000, 0.19000000
"11","<leaf>",  1,  1, 0,3,0.00000000,0,0, 3.00000000, 0.00000000, 0.00000000, 1.00000000, 0.00000000, 0.00000000, 1.00000000, 0.01000000
"3","Petal.Length", 51, 51, 1,3,0.01020408,3,0, 3.00000000, 0.00000000, 1.00000000,50.00000000, 0.00000000, 0.01960784, 0.98039216, 0.51000000
"6","Sepal.Width",  3,  3, 1,3,0.01020408,3,0, 3.00000000, 0.00000000, 1.00000000, 2.00000000, 0.00000000, 0.33333333, 0.66666667, 0.03000000
"12","<leaf>",  1,  1, 0,2,0.00000000,0,0, 2.00000000, 0.00000000, 1.00000000, 0.00000000, 0.00000000, 1.00000000, 0.00000000, 0.01000000
"13","<leaf>",  2,  2, 0,3,0.00000000,0,0, 3.00000000, 0.00000000, 0.00000000, 2.00000000, 0.00000000, 0.00000000, 1.00000000, 0.02000000
"7","<leaf>", 48, 48, 0,3,0.00000000,0,0, 3.00000000, 0.00000000, 0.00000000,48.00000000, 0.00000000, 0.00000000, 1.00000000, 0.48000000
