"","var","n","wt","dev","yval","complexity","ncompete","nsurrogate","yval2.","yval2.","yval2.","yval2.","yval2.","yval2.","yval2.","yval2.nodeprob"
"1","Petal.Width",99,99,45,3,0.44444444,3,3, 3.00000000,21.00000000,24.00000000,54.00000000, 0.21212121, 0.24242424, 0.54545455, 1.00000000
"2","Petal.Length",50,50,26,2,0.44444444,3,3, 2.00000000,21.00000000,24.00000000, 5.00000000, 0.42000000, 0.48000000, 0.10000000, 0.50505051
"4","<leaf>",21,21, 0,1,0.00000000,0,0, 1.00000000,21.00000000, 0.00000000, 0.00000000, 1.00000000, 0.00000000, 0.00000000, 0.21212121
"5","Petal.Length",29,29, 5,2,0.04444444,3,0, 2.00000000, 0.00000000,24.00000000, 5.00000000, 0.00000000, 0.82758621, 0.17241379, 0.29292929
"10","Petal.Width",23,23, 1,2,0.02222222,3,0, 2.00000000, 0.00000000,22.00000000, 1.00000000, 0.00000000, 0.95652174, 0.04347826, 0.23232323
"20","<leaf>",22,22, 0,2,0.00000000,0,0, 2.00000000, 0.00000000,22.00000000, 0.00000000, 0.00000000, 1.00000000, 0.00000000, 0.22222222
"21","<leaf>", 1, 1, 0,3,0.00000000,0,0, 3.00000000, 0.00000000, 0.00000000, 1.00000000, 0.00000000, 0.00000000, 1.00000000, 0.01010101
"11","Petal.Width", 6, 6, 2,3,0.02222222,3,2, 3.00000000, 0.00000000, 2.00000000, 4.00000000, 0.00000000, 0.33333333, 0.66666667, 0.06060606
"22","Sepal.Length", 3, 3, 1,2,0.02222222,3,0, 2.00000000, 0.00000000, 2.00000000, 1.00000000, 0.00000000, 0.66666667, 0.33333333, 0.03030303
"44","<leaf>", 2, 2, 0,2,0.00000000,0,0, 2.00000000, 0.00000000, 2.00000000, 0.00000000, 0.00000000, 1.00000000, 0.00000000, 0.02020202
"45","<leaf>", 1, 1, 0,3,0.00000000,0,0, 3.00000000, 0.00000000, 0.00000000, 1.00000000, 0.00000000, 0.00000000, 1.00000000, 0.01010101
"23","<leaf>", 3, 3, 0,3,0.00000000,0,0, 3.00000000, 0.00000000, 0.00000000, 3.00000000, 0.00000000, 0.00000000, 1.00000000, 0.03030303
"3","<leaf>",49,49, 0,3,0.00000000,0,0, 3.00000000, 0.00000000, 0.00000000,49.00000000, 0.00000000, 0.00000000, 1.00000000, 0.49494949
