"","var","n","wt","dev","yval","complexity","ncompete","nsurrogate","yval2.","yval2.","yval2.","yval2.","yval2.","yval2.","yval2.","yval2.nodeprob"
"1","Petal.Width",100,100,50,3,0.56,3,3, 3.00000000,28.00000000,22.00000000,50.00000000, 0.28000000, 0.22000000, 0.50000000, 1.00000000
"2","Petal.Length", 47, 47,19,1,0.38,3,3, 1.00000000,28.00000000,19.00000000, 0.00000000, 0.59574468, 0.40425532, 0.00000000, 0.47000000
"4","<leaf>", 28, 28, 0,1,0.00,0,0, 1.00000000,28.00000000, 0.00000000, 0.00000000, 1.00000000, 0.00000000, 0.00000000, 0.28000000
"5","<leaf>", 19, 19, 0,2,0.00,0,0, 2.00000000, 0.00000000,19.00000000, 0.00000000, 0.00000000, 1.00000000, 0.00000000, 0.19000000
"3","Petal.Length", 53, 53, 3,3,0.02,3,0, 3.00000000, 0.00000000, 3.00000000,50.00000000, 0.00000000, 0.05660377, 0.94339623, 0.53000000
"6","Sepal.Length",  3,  3, 1,2,0.02,3,0, 2.00000000, 0.00000000, 2.00000000, 1.00000000, 0.00000000, 0.66666667, 0.33333333, 0.03000000
"12","<leaf>",  2,  2, 0,2,0.00,0,0, 2.00000000, 0.00000000, 2.00000000, 0.00000000, 0.00000000, 1.00000000, 0.00000000, 0.02000000
"13","<leaf>",  1,  1, 0,3,0.00,0,0, 3.00000000, 0.00000000, 0.00000000, 1.00000000, 0.00000000, 0.00000000, 1.00000000, 0.01000000
"7","Sepal.Length", 50, 50, 1,3,0.01,3,2, 3.00000000, 0.00000000, 1.00000000,49.00000000, 0.00000000, 0.02000000, 0.98000000, 0.50000000
"14","Sepal.Length",  5,  5, 1,3,0.01,3,0, 3.00000000, 0.00000000, 1.00000000, 4.00000000, 0.00000000, 0.20000000, 0.80000000, 0.05000000
"28","<leaf>",  1,  1, 0,2,0.00,0,0, 2.00000000, 0.00000000, 1.00000000, 0.00000000, 0.00000000, 1.00000000, 0.00000000, 0.01000000
"29","<leaf>",  4,  4, 0,3,0.00,0,0, 3.00000000, 0.00000000, 0.00000000, 4.00000000, 0.00000000, 0.00000000, 1.00000000, 0.04000000
"15","<leaf>", 45, 45, 0,3,0.00,0,0, 3.00000000, 0.00000000, 0.00000000,45.00000000, 0.00000000, 0.00000000, 1.00000000, 0.45000000
