"","var","n","wt","dev","yval","complexity","ncompete","nsurrogate","yval2.","yval2.","yval2.","yval2.","yval2.","yval2.","yval2.","yval2.nodeprob"
"1","Petal.Length",100,100,49,2,0.55102041,3,3, 2.00000000,27.00000000,51.00000000,22.00000000, 0.27000000, 0.51000000, 0.22000000, 1.00000000
"2","<leaf>", 27, 27, 0,1,0.00000000,0,0, 1.00000000,27.00000000, 0.00000000, 0.00000000, 1.00000000, 0.00000000, 0.00000000, 0.27000000
"3","Petal.Width", 73, 73,22,2,0.38775510,3,3, 2.00000000, 0.00000000,51.00000000,22.00000000, 0.00000000, 0.69863014, 0.30136986, 0.73000000
"6","Petal.Length", 54, 54, 3,2,0.04081633,3,0, 2.00000000, 0.00000000,51.00000000, 3.00000000, 0.00000000, 0.94444444, 0.05555556, 0.54000000
"12","Sepal.Length", 52, 52, 1,2,0.01020408,3,0, 2.00000000, 0.00000000,51.00000000, 1.00000000, 0.00000000, 0.98076923, 0.01923077, 0.52000000
"24","<leaf>", 50, 50, 0,2,0.00000000,0,0, 2.00000000, 0.00000000,50.00000000, 0.00000000, 0.00000000, 1.00000000, 0.00000000, 0.50000000
"25","Sepal.Width",  2,  2, 1,2,0.01020408,2,0, 2.00000000, 0.00000000, 1.00000000, 1.00000000, 0.00000000, 0.50000000, 0.50000000, 0.02000000
"50","<leaf>",  1,  1, 0,2,0.00000000,0,0, 2.00000000, 0.00000000, 1.00000000, 0.00000000, 0.00000000, 1.00000000, 0.00000000, 0.01000000
"51","<leaf>",  1,  1, 0,3,0.00000000,0,0, 3.00000000, 0.00000000, 0.00000000, 1.00000000, 0.00000000, 0.00000000, 1.00000000, 0.01000000
"13","<leaf>",  2,  2, 0,3,0.00000000,0,0, 3.00000000, 0.00000000, 0.00000000, 2.00000000, 0.00000000, 0.00000000, 1.00000000, 0.02000000
"7","<leaf>", 19, 19, 0,3,0.00000000,0,0, 3.00000000, 0.00000000, 0.00000000,19.00000000, 0.00000000, 0.00000000, 1.00000000, 0.19000000
