"","var","n","wt","dev","yval","complexity","ncompete","nsurrogate","yval2.","yval2.","yval2.","yval2.","yval2.","yval2.","yval2.","yval2.nodeprob"
"1","Petal.Length",100,100,52,2,0.519230769,3,3, 2.00000000,27.00000000,48.00000000,25.00000000, 0.27000000, 0.48000000, 0.25000000, 1.00000000
"2","<leaf>", 27, 27, 0,1,0.000000000,0,0, 1.00000000,27.00000000, 0.00000000, 0.00000000, 1.00000000, 0.00000000, 0.00000000, 0.27000000
"3","Petal.Length", 73, 73,25,2,0.461538462,3,3, 2.00000000, 0.00000000,48.00000000,25.00000000, 0.00000000, 0.65753425, 0.34246575, 0.73000000
"6","<leaf>", 47, 47, 0,2,0.000000000,0,0, 2.00000000, 0.00000000,47.00000000, 0.00000000, 0.00000000, 1.00000000, 0.00000000, 0.47000000
"7","Petal.Length", 26, 26, 1,3,0.009615385,3,0, 3.00000000, 0.00000000, 1.00000000,25.00000000, 0.00000000, 0.03846154, 0.96153846, 0.26000000
"14","Sepal.Length",  3,  3, 1,3,0.009615385,2,0, 3.00000000, 0.00000000, 1.00000000, 2.00000000, 0.00000000, 0.33333333, 0.66666667, 0.03000000
"28","<leaf>",  1,  1, 0,2,0.000000000,0,0, 2.00000000, 0.00000000, 1.00000000, 0.00000000, 0.00000000, 1.00000000, 0.00000000, 0.01000000
"29","<leaf>",  2,  2, 0,3,0.000000000,0,0, 3.00000000, 0.00000000, 0.00000000, 2.00000000, 0.00000000, 0.00000000, 1.00000000, 0.02000000
"15","<leaf>", 23, 23, 0,3,0.000000000,0,0, 3.00000000, 0.00000000, 0.00000000,23.00000000, 0.00000000, 0.00000000, 1.00000000, 0.23000000
