"","var","n","wt","dev","yval","complexity","ncompete","nsurrogate","yval2.","yval2.","yval2.","yval2.","yval2.","yval2.","yval2.","yval2.nodeprob"
"1","Petal.Length",99,99,49,2,0.53061224,3,3, 2.00000000,26.00000000,50.00000000,23.00000000, 0.26262626, 0.50505051, 0.23232323, 1.00000000
"2","<leaf>",26,26, 0,1,0.00000000,0,0, 1.00000000,26.00000000, 0.00000000, 0.00000000, 1.00000000, 0.00000000, 0.00000000, 0.26262626
"3","Petal.Length",73,73,23,2,0.40816327,3,3, 2.00000000, 0.00000000,50.00000000,23.00000000, 0.00000000, 0.68493151, 0.31506849, 0.73737374
"6","Petal.Width",49,49, 1,2,0.02040816,3,0, 2.00000000, 0.00000000,48.00000000, 1.00000000, 0.00000000, 0.97959184, 0.02040816, 0.49494949
"12","<leaf>",48,48, 0,2,0.00000000,0,0, 2.00000000, 0.00000000,48.00000000, 0.00000000, 0.00000000, 1.00000000, 0.00000000, 0.48484848
"13","<leaf>", 1, 1, 0,3,0.00000000,0,0, 3.00000000, 0.00000000, 0.00000000, 1.00000000, 0.00000000, 0.00000000, 1.00000000, 0.01010101
"7","Petal.Length",24,24, 2,3,0.02040816,3,0, 3.00000000, 0.00000000, 2.00000000,22.00000000, 0.00000000, 0.08333333, 0.91666667, 0.24242424
"14","Petal.Width", 5, 5, 2,3,0.02040816,3,1, 3.00000000, 0.00000000, 2.00000000, 3.00000000, 0.00000000, 0.40000000, 0.60000000, 0.05050505
"28","<leaf>", 2, 2, 0,2,0.00000000,0,0, 2.00000000, 0.00000000, 2.00000000, 0.00000000, 0.00000000, 1.00000000, 0.00000000, 0.02020202
"29","<leaf>", 3, 3, 0,3,0.00000000,0,0, 3.00000000, 0.00000000, 0.00000000, 3.00000000, 0.00000000, 0.00000000, 1.00000000, 0.03030303
"15","<leaf>",19,19, 0,3,0.00000000,0,0, 3.00000000, 0.00000000, 0.00000000,19.00000000, 0.00000000, 0.00000000, 1.00000000, 0.19191919
