"","var","n","wt","dev","yval","complexity","ncompete","nsurrogate","yval2.","yval2.","yval2.","yval2.","yval2.","yval2.","yval2.","yval2.nodeprob"
"1","Petal.Length",100,100,49,1,0.55102041,3,3, 1.00000000,51.00000000,22.00000000,27.00000000, 0.51000000, 0.22000000, 0.27000000, 1.00000000
"2","<leaf>", 51, 51, 0,1,0.00000000,0,0, 1.00000000,51.00000000, 0.00000000, 0.00000000, 1.00000000, 0.00000000, 0.00000000, 0.51000000
"3","Petal.Width", 49, 49,22,3,0.40816327,3,3, 3.00000000, 0.00000000,22.00000000,27.00000000, 0.00000000, 0.44897959, 0.55102041, 0.49000000
"6","Petal.Length", 22, 22, 1,2,0.02040816,3,0, 2.00000000, 0.00000000,21.00000000, 1.00000000, 0.00000000, 0.95454545, 0.04545455, 0.22000000
"12","<leaf>", 21, 21, 0,2,0.00000000,0,0, 2.00000000, 0.00000000,21.00000000, 0.00000000, 0.00000000, 1.00000000, 0.00000000, 0.21000000
"13","<leaf>",  1,  1, 0,3,0.00000000,0,0, 3.00000000, 0.00000000, 0.00000000, 1.00000000, 0.00000000, 0.00000000, 1.00000000, 0.01000000
"7","Petal.Length", 27, 27, 1,3,0.01020408,3,0, 3.00000000, 0.00000000, 1.00000000,26.00000000, 0.00000000, 0.03703704, 0.96296296, 0.27000000
"14","Sepal.Width",  3,  3, 1,3,0.01020408,3,0, 3.00000000, 0.00000000, 1.00000000, 2.00000000, 0.00000000, 0.33333333, 0.66666667, 0.03000000
"28","<leaf>",  1,  1, 0,2,0.00000000,0,0, 2.00000000, 0.00000000, 1.00000000, 0.00000000, 0.00000000, 1.00000000, 0.00000000, 0.01000000
"29","<leaf>",  2,  2, 0,3,0.00000000,0,0, 3.00000000, 0.00000000, 0.00000000, 2.00000000, 0.00000000, 0.00000000, 1.00000000, 0.02000000
"15","<leaf>", 24, 24, 0,3,0.00000000,0,0, 3.00000000, 0.00000000, 0.00000000,24.00000000, 0.00000000, 0.00000000, 1.00000000, 0.24000000
