"","var","n","wt","dev","yval","complexity","ncompete","nsurrogate","yval2.","yval2.","yval2.","yval2.","yval2.","yval2.","yval2.","yval2.nodeprob"
"1","Petal.Length",99,99,49,2,0.51020408,3,3, 2.00000000,25.00000000,50.00000000,24.00000000, 0.25252525, 0.50505051, 0.24242424, 1.00000000
"2","<leaf>",25,25, 0,1,0.00000000,0,0, 1.00000000,25.00000000, 0.00000000, 0.00000000, 1.00000000, 0.00000000, 0.00000000, 0.25252525
"3","Petal.Length",74,74,24,2,0.44897959,3,3, 2.00000000, 0.00000000,50.00000000,24.00000000, 0.00000000, 0.67567568, 0.32432432, 0.74747475
"6","<leaf>",48,48, 0,2,0.00000000,0,0, 2.00000000, 0.00000000,48.00000000, 0.00000000, 0.00000000, 1.00000000, 0.00000000, 0.48484848
"7","Petal.Width",26,26, 2,3,0.01020408,3,1, 3.00000000, 0.00000000, 2.00000000,24.00000000, 0.00000000, 0.07692308, 0.92307692, 0.26262626
"14","Sepal.Width", 5, 5, 2,3,0.01020408,3,1, 3.00000000, 0.00000000, 2.00000000, 3.00000000, 0.00000000, 0.40000000, 0.60000000, 0.05050505
"28","Sepal.Length", 3, 3, 1,2,0.01020408,3,0, 2.00000000, 0.00000000, 2.00000000, 1.00000000, 0.00000000, 0.66666667, 0.33333333, 0.03030303
"56","<leaf>", 1, 1, 0,2,0.00000000,0,0, 2.00000000, 0.00000000, 1.00000000, 0.00000000, 0.00000000, 1.00000000, 0.00000000, 0.01010101
"57","Sepal.Length", 2, 2, 1,2,0.01020408,2,0, 2.00000000, 0.00000000, 1.00000000, 1.00000000, 0.00000000, 0.50000000, 0.50000000, 0.02020202
"114","<leaf>", 1, 1, 0,2,0.00000000,0,0, 2.00000000, 0.00000000, 1.00000000, 0.00000000, 0.00000000, 1.00000000, 0.00000000, 0.01010101
"115","<leaf>", 1, 1, 0,3,0.00000000,0,0, 3.00000000, 0.00000000, 0.00000000, 1.00000000, 0.00000000, 0.00000000, 1.00000000, 0.01010101
"29","<leaf>", 2, 2, 0,3,0.00000000,0,0, 3.00000000, 0.00000000, 0.00000000, 2.00000000, 0.00000000, 0.00000000, 1.00000000, 0.02020202
"15","<leaf>",21,21, 0,3,0.00000000,0,0, 3.00000000, 0.00000000, 0.00000000,21.00000000, 0.00000000, 0.00000000, 1.00000000, 0.21212121
