"","var","n","wt","dev","yval","complexity","ncompete","nsurrogate","yval2.","yval2.","yval2.","yval2.","yval2.","yval2.","yval2.","yval2.nodeprob"
"1","Petal.Width",100,100,51,2,0.509803922,3,2, 2.00000000,24.00000000,49.00000000,27.00000000, 0.24000000, 0.49000000, 0.27000000, 1.00000000
"2","Petal.Length", 74, 74,25,2,0.470588235,3,3, 2.00000000,24.00000000,49.00000000, 1.00000000, 0.32432432, 0.66216216, 0.01351351, 0.74000000
"4","<leaf>", 24, 24, 0,1,0.000000000,0,0, 1.00000000,24.00000000, 0.00000000, 0.00000000, 1.00000000, 0.00000000, 0.00000000, 0.24000000
"5","Petal.Length", 50, 50, 1,2,0.009803922,3,0, 2.00000000, 0.00000000,49.00000000, 1.00000000, 0.00000000, 0.98000000, 0.02000000, 0.50000000
"10","<leaf>", 48, 48, 0,2,0.000000000,0,0, 2.00000000, 0.00000000,48.00000000, 0.00000000, 0.00000000, 1.00000000, 0.00000000, 0.48000000
"11","Sepal.Width",  2,  2, 1,2,0.009803922,2,0, 2.00000000, 0.00000000, 1.00000000, 1.00000000, 0.00000000, 0.50000000, 0.50000000, 0.02000000
"22","<leaf>",  1,  1, 0,2,0.000000000,0,0, 2.00000000, 0.00000000, 1.00000000, 0.00000000, 0.00000000, 1.00000000, 0.00000000, 0.01000000
"23","<leaf>",  1,  1, 0,3,0.000000000,0,0, 3.00000000, 0.00000000, 0.00000000, 1.00000000, 0.00000000, 0.00000000, 1.00000000, 0.01000000
"3","<leaf>", 26, 26, 0,3,0.000000000,0,0, 3.00000000, 0.00000000, 0.00000000,26.00000000, 0.00000000, 0.00000000, 1.00000000, 0.26000000
