"","var","n","wt","dev","yval","complexity","ncompete","nsurrogate","yval2.","yval2.","yval2.","yval2.","yval2.","yval2.","yval2.","yval2.nodeprob"
"1","Petal.Length",99,99,51,3,0.549019608,3,3, 3.00000000,22.00000000,29.00000000,48.00000000, 0.22222222, 0.29292929, 0.48484848, 1.00000000
"2","Petal.Length",52,52,23,2,0.431372549,3,3, 2.00000000,22.00000000,29.00000000, 1.00000000, 0.42307692, 0.55769231, 0.01923077, 0.52525253
"4","<leaf>",22,22, 0,1,0.000000000,0,0, 1.00000000,22.00000000, 0.00000000, 0.00000000, 1.00000000, 0.00000000, 0.00000000, 0.22222222
"5","Petal.Width",30,30, 1,2,0.009803922,3,1, 2.00000000, 0.00000000,29.00000000, 1.00000000, 0.00000000, 0.96666667, 0.03333333, 0.30303030
"10","<leaf>",28,28, 0,2,0.000000000,0,0, 2.00000000, 0.00000000,28.00000000, 0.00000000, 0.00000000, 1.00000000, 0.00000000, 0.28282828
"11","Sepal.Length", 2, 2, 1,2,0.009803922,1,0, 2.00000000, 0.00000000, 1.00000000, 1.00000000, 0.00000000, 0.50000000, 0.50000000, 0.02020202
"22","<leaf>", 1, 1, 0,2,0.000000000,0,0, 2.00000000, 0.00000000, 1.00000000, 0.00000000, 0.00000000, 1.00000000, 0.00000000, 0.01010101
"23","<leaf>", 1, 1, 0,3,0.000000000,0,0, 3.00000000, 0.00000000, 0.00000000, 1.00000000, 0.00000000, 0.00000000, 1.00000000, 0.01010101
"3","<leaf>",47,47, 0,3,0.000000000,0,0, 3.00000000, 0.00000000, 0.00000000,47.00000000, 0.00000000, 0.00000000, 1.00000000, 0.47474747
