"","var","n","wt","dev","yval","complexity","ncompete","nsurrogate","yval2.","yval2.","yval2.","yval2.","yval2.","yval2.","yval2.","yval2.nodeprob"
"1","Petal.Length",99,99,53,1,0.528301887,3,3, 1.00000000,46.00000000,25.00000000,28.00000000, 0.46464646, 0.25252525, 0.28282828, 1.00000000
"2","<leaf>",46,46, 0,1,0.000000000,0,0, 1.00000000,46.00000000, 0.00000000, 0.00000000, 1.00000000, 0.00000000, 0.00000000, 0.46464646
"3","Petal.Width",53,53,25,3,0.452830189,3,3, 3.00000000, 0.00000000,25.00000000,28.00000000, 0.00000000, 0.47169811, 0.52830189, 0.53535354
"6","Petal.Length",26,26, 1,2,0.009433962,3,0, 2.00000000, 0.00000000,25.00000000, 1.00000000, 0.00000000, 0.96153846, 0.03846154, 0.26262626
"12","<leaf>",24,24, 0,2,0.000000000,0,0, 2.00000000, 0.00000000,24.00000000, 0.00000000, 0.00000000, 1.00000000, 0.00000000, 0.24242424
"13","Sepal.Width", 2, 2, 1,2,0.009433962,2,0, 2.00000000, 0.00000000, 1.00000000, 1.00000000, 0.00000000, 0.50000000, 0.50000000, 0.02020202
"26","<leaf>", 1, 1, 0,2,0.000000000,0,0, 2.00000000, 0.00000000, 1.00000000, 0.00000000, 0.00000000, 1.00000000, 0.00000000, 0.01010101
"27","<leaf>", 1, 1, 0,3,0.000000000,0,0, 3.00000000, 0.00000000, 0.00000000, 1.00000000, 0.00000000, 0.00000000, 1.00000000, 0.01010101
"7","<leaf>",27,27, 0,3,0.000000000,0,0, 3.00000000, 0.00000000, 0.00000000,27.00000000, 0.00000000, 0.00000000, 1.00000000, 0.27272727
