"","var","n","wt","dev","yval","complexity","ncompete","nsurrogate","yval2.","yval2.","yval2.","yval2.","yval2.","yval2.","yval2.","yval2.nodeprob"
"1","Petal.Length",100,100,54,1,0.574074074,3,3, 1.00000000,46.00000000,23.00000000,31.00000000, 0.46000000, 0.23000000, 0.31000000, 1.00000000
"2","<leaf>", 46, 46, 0,1,0.000000000,0,0, 1.00000000,46.00000000, 0.00000000, 0.00000000, 1.00000000, 0.00000000, 0.00000000, 0.46000000
"3","Petal.Width", 54, 54,23,3,0.388888889,3,3, 3.00000000, 0.00000000,23.00000000,31.00000000, 0.00000000, 0.42592593, 0.57407407, 0.54000000
"6","Sepal.Length", 25, 25, 2,2,0.018518519,3,0, 2.00000000, 0.00000000,23.00000000, 2.00000000, 0.00000000, 0.92000000, 0.08000000, 0.25000000
"12","Sepal.Width", 24, 24, 1,2,0.009259259,3,0, 2.00000000, 0.00000000,23.00000000, 1.00000000, 0.00000000, 0.95833333, 0.04166667, 0.24000000
"24","<leaf>", 21, 21, 0,2,0.000000000,0,0, 2.00000000, 0.00000000,21.00000000, 0.00000000, 0.00000000, 1.00000000, 0.00000000, 0.21000000
"25","Petal.Length",  3,  3, 1,2,0.009259259,3,0, 2.00000000, 0.00000000, 2.00000000, 1.00000000, 0.00000000, 0.66666667, 0.33333333, 0.03000000
"50","<leaf>",  2,  2, 0,2,0.000000000,0,0, 2.00000000, 0.00000000, 2.00000000, 0.00000000, 0.00000000, 1.00000000, 0.00000000, 0.02000000
"51","<leaf>",  1,  1, 0,3,0.000000000,0,0, 3.00000000, 0.00000000, 0.00000000, 1.00000000, 0.00000000, 0.00000000, 1.00000000, 0.01000000
"13","<leaf>",  1,  1, 0,3,0.000000000,0,0, 3.00000000, 0.00000000, 0.00000000, 1.00000000, 0.00000000, 0.00000000, 1.00000000, 0.01000000
"7","<leaf>", 29, 29, 0,3,0.000000000,0,0, 3.00000000, 0.00000000, 0.00000000,29.00000000, 0.00000000, 0.00000000, 1.00000000, 0.29000000
