"","var","n","wt","dev","yval","complexity","ncompete","nsurrogate","yval2.","yval2.","yval2.","yval2.","yval2.","yval2.","yval2.","yval2.nodeprob"
"1","Petal.Width",99,99,50,3,0.48,3,3, 3.00000000,24.00000000,26.00000000,49.00000000, 0.24242424, 0.26262626, 0.49494949, 1.00000000
"2","Petal.Length",52,52,26,2,0.48,3,3, 2.00000000,24.00000000,26.00000000, 2.00000000, 0.46153846, 0.50000000, 0.03846154, 0.52525253
"4","<leaf>",24,24, 0,1,0.00,0,0, 1.00000000,24.00000000, 0.00000000, 0.00000000, 1.00000000, 0.00000000, 0.00000000, 0.24242424
"5","Petal.Length",28,28, 2,2,0.02,3,1, 2.00000000, 0.00000000,26.00000000, 2.00000000, 0.00000000, 0.92857143, 0.07142857, 0.28282828
"10","<leaf>",24,24, 0,2,0.00,0,0, 2.00000000, 0.00000000,24.00000000, 0.00000000, 0.00000000, 1.00000000, 0.00000000, 0.24242424
"11","Petal.Width", 4, 4, 2,2,0.02,2,0, 2.00000000, 0.00000000, 2.00000000, 2.00000000, 0.00000000, 0.50000000, 0.50000000, 0.04040404
"22","<leaf>", 2, 2, 0,2,0.00,0,0, 2.00000000, 0.00000000, 2.00000000, 0.00000000, 0.00000000, 1.00000000, 0.00000000, 0.02020202
"23","<leaf>", 2, 2, 0,3,0.00,0,0, 3.00000000, 0.00000000, 0.00000000, 2.00000000, 0.00000000, 0.00000000, 1.00000000, 0.02020202
"3","<leaf>",47,47, 0,3,0.00,0,0, 3.00000000, 0.00000000, 0.00000000,47.00000000, 0.00000000, 0.00000000, 1.00000000, 0.47474747
