"","var","n","wt","dev","yval","complexity","ncompete","nsurrogate","yval2.","yval2.","yval2.","yval2.","yval2.","yval2.","yval2.","yval2.nodeprob"
"1","Petal.Length",100,100,46,2,0.54347826,3,3, 2.00000000,25.00000000,54.00000000,21.00000000, 0.25000000, 0.54000000, 0.21000000, 1.00000000
"2","<leaf>", 25, 25, 0,1,0.00000000,0,0, 1.00000000,25.00000000, 0.00000000, 0.00000000, 1.00000000, 0.00000000, 0.00000000, 0.25000000
"3","Petal.Length", 75, 75,21,2,0.41304348,3,3, 2.00000000, 0.00000000,54.00000000,21.00000000, 0.00000000, 0.72000000, 0.28000000, 0.75000000
"6","<leaf>", 52, 52, 0,2,0.00000000,0,0, 2.00000000, 0.00000000,52.00000000, 0.00000000, 0.00000000, 1.00000000, 0.00000000, 0.52000000
"7","Petal.Width", 23, 23, 2,3,0.02173913,3,0, 3.00000000, 0.00000000, 2.00000000,21.00000000, 0.00000000, 0.08695652, 0.91304348, 0.23000000
"14","Sepal.Length",  3,  3, 1,2,0.02173913,3,0, 2.00000000, 0.00000000, 2.00000000, 1.00000000, 0.00000000, 0.66666667, 0.33333333, 0.03000000
"28","<leaf>",  2,  2, 0,2,0.00000000,0,0, 2.00000000, 0.00000000, 2.00000000, 0.00000000, 0.00000000, 1.00000000, 0.00000000, 0.02000000
"29","<leaf>",  1,  1, 0,3,0.00000000,0,0, 3.00000000, 0.00000000, 0.00000000, 1.00000000, 0.00000000, 0.00000000, 1.00000000, 0.01000000
"15","<leaf>", 20, 20, 0,3,0.00000000,0,0, 3.00000000, 0.00000000, 0.00000000,20.00000000, 0.00000000, 0.00000000, 1.00000000, 0.20000000
