"","var","n","wt","dev","yval","complexity","ncompete","nsurrogate","yval2.","yval2.","yval2.","yval2.","yval2.","yval2.","yval2.","yval2.nodeprob"
"1","Petal.Length",100,100,55,1,0.545454545,3,3, 1.00000000,45.00000000,30.00000000,25.00000000, 0.45000000, 0.30000000, 0.25000000, 1.00000000
"2","<leaf>", 45, 45, 0,1,0.000000000,0,0, 1.00000000,45.00000000, 0.00000000, 0.00000000, 1.00000000, 0.00000000, 0.00000000, 0.45000000
"3","Petal.Length", 55, 55,25,2,0.436363636,3,3, 2.00000000, 0.00000000,30.00000000,25.00000000, 0.00000000, 0.54545455, 0.45454545, 0.55000000
"6","<leaf>", 29, 29, 0,2,0.000000000,0,0, 2.00000000, 0.00000000,29.00000000, 0.00000000, 0.00000000, 1.00000000, 0.00000000, 0.29000000
"7","Petal.Width", 26, 26, 1,3,0.009090909,3,1, 3.00000000, 0.00000000, 1.00000000,25.00000000, 0.00000000, 0.03846154, 0.96153846, 0.26000000
"14","Sepal.Width",  3,  3, 1,3,0.009090909,3,0, 3.00000000, 0.00000000, 1.00000000, 2.00000000, 0.00000000, 0.33333333, 0.66666667, 0.03000000
"28","<leaf>",  1,  1, 0,2,0.000000000,0,0, 2.00000000, 0.00000000, 1.00000000, 0.00000000, 0.00000000, 1.00000000, 0.00000000, 0.01000000
"29","<leaf>",  2,  2, 0,3,0.000000000,0,0, 3.00000000, 0.00000000, 0.00000000, 2.00000000, 0.00000000, 0.00000000, 1.00000000, 0.02000000
"15","<leaf>", 23, 23, 0,3,0.000000000,0,0, 3.00000000, 0.00000000, 0.00000000,23.00000000, 0.00000000, 0.00000000, 1.00000000, 0.23000000
