"","var","n","wt","dev","yval","complexity","ncompete","nsurrogate","yval2.","yval2.","yval2.","yval2.","yval2.","yval2.","yval2.","yval2.nodeprob"
"1","Petal.Length",100,100,48,3,0.50000000,3,3, 3.00000000,24.00000000,24.00000000,52.00000000, 0.24000000, 0.24000000, 0.52000000, 1.00000000
"2","Petal.Length", 46, 46,22,1,0.45833333,3,3, 1.00000000,24.00000000,22.00000000, 0.00000000, 0.52173913, 0.47826087, 0.00000000, 0.46000000
"4","<leaf>", 24, 24, 0,1,0.00000000,0,0, 1.00000000,24.00000000, 0.00000000, 0.00000000, 1.00000000, 0.00000000, 0.00000000, 0.24000000
"5","<leaf>", 22, 22, 0,2,0.00000000,0,0, 2.00000000, 0.00000000,22.00000000, 0.00000000, 0.00000000, 1.00000000, 0.00000000, 0.22000000
"3","Petal.Width", 54, 54, 2,3,0.02083333,3,0, 3.00000000, 0.00000000, 2.00000000,52.00000000, 0.00000000, 0.03703704, 0.96296296, 0.54000000
"6","<leaf>",  1,  1, 0,2,0.00000000,0,0, 2.00000000, 0.00000000, 1.00000000, 0.00000000, 0.00000000, 1.00000000, 0.00000000, 0.01000000
"7","Petal.Width", 53, 53, 1,3,0.01041667,3,0, 3.00000000, 0.00000000, 1.00000000,52.00000000, 0.00000000, 0.01886792, 0.98113208, 0.53000000
"14","Sepal.Length",  3,  3, 1,3,0.01041667,3,0, 3.00000000, 0.00000000, 1.00000000, 2.00000000, 0.00000000, 0.33333333, 0.66666667, 0.03000000
"28","<leaf>",  1,  1, 0,2,0.00000000,0,0, 2.00000000, 0.00000000, 1.00000000, 0.00000000, 0.00000000, 1.00000000, 0.00000000, 0.01000000
"29","<leaf>",  2,  2, 0,3,0.00000000,0,0, 3.00000000, 0.00000000, 0.00000000, 2.00000000, 0.00000000, 0.00000000, 1.00000000, 0.02000000
"15","<leaf>", 50, 50, 0,3,0.00000000,0,0, 3.00000000, 0.00000000, 0.00000000,50.00000000, 0.00000000, 0.00000000, 1.00000000, 0.50000000
