"","var","n","wt","dev","yval","complexity","ncompete","nsurrogate","yval2.","yval2.","yval2.","yval2.","yval2.","yval2.","yval2.","yval2.nodeprob"
"1","Petal.Width",99,99,52,3,0.500000000,3,3, 3.00000000,23.00000000,29.00000000,47.00000000, 0.23232323, 0.29292929, 0.47474747, 1.00000000
"2","Petal.Length",53,53,25,2,0.442307692,3,3, 2.00000000,23.00000000,28.00000000, 2.00000000, 0.43396226, 0.52830189, 0.03773585, 0.53535354
"4","<leaf>",23,23, 0,1,0.000000000,0,0, 1.00000000,23.00000000, 0.00000000, 0.00000000, 1.00000000, 0.00000000, 0.00000000, 0.23232323
"5","Sepal.Width",30,30, 2,2,0.019230769,3,0, 2.00000000, 0.00000000,28.00000000, 2.00000000, 0.00000000, 0.93333333, 0.06666667, 0.30303030
"10","Petal.Length",29,29, 1,2,0.019230769,3,0, 2.00000000, 0.00000000,28.00000000, 1.00000000, 0.00000000, 0.96551724, 0.03448276, 0.29292929
"20","<leaf>",28,28, 0,2,0.000000000,0,0, 2.00000000, 0.00000000,28.00000000, 0.00000000, 0.00000000, 1.00000000, 0.00000000, 0.28282828
"21","<leaf>", 1, 1, 0,3,0.000000000,0,0, 3.00000000, 0.00000000, 0.00000000, 1.00000000, 0.00000000, 0.00000000, 1.00000000, 0.01010101
"11","<leaf>", 1, 1, 0,3,0.000000000,0,0, 3.00000000, 0.00000000, 0.00000000, 1.00000000, 0.00000000, 0.00000000, 1.00000000, 0.01010101
"3","Petal.Length",46,46, 1,3,0.009615385,3,0, 3.00000000, 0.00000000, 1.00000000,45.00000000, 0.00000000, 0.02173913, 0.97826087, 0.46464646
"6","Sepal.Length", 2, 2, 1,2,0.009615385,1,0, 2.00000000, 0.00000000, 1.00000000, 1.00000000, 0.00000000, 0.50000000, 0.50000000, 0.02020202
"12","<leaf>", 1, 1, 0,2,0.000000000,0,0, 2.00000000, 0.00000000, 1.00000000, 0.00000000, 0.00000000, 1.00000000, 0.00000000, 0.01010101
"13","<leaf>", 1, 1, 0,3,0.000000000,0,0, 3.00000000, 0.00000000, 0.00000000, 1.00000000, 0.00000000, 0.00000000, 1.00000000, 0.01010101
"7","<leaf>",44,44, 0,3,0.000000000,0,0, 3.00000000, 0.00000000, 0.00000000,44.00000000, 0.00000000, 0.00000000, 1.00000000, 0.44444444
