"","var","n","wt","dev","yval","complexity","ncompete","nsurrogate","yval2.","yval2.","yval2.","yval2.","yval2.","yval2.","yval2.","yval2.nodeprob"
"1","Petal.Length",100,100,51,2,0.568627451,3,3, 2.00000000,29.00000000,49.00000000,22.00000000, 0.29000000, 0.49000000, 0.22000000, 1.00000000
"2","<leaf>", 29, 29, 0,1,0.000000000,0,0, 1.00000000,29.00000000, 0.00000000, 0.00000000, 1.00000000, 0.00000000, 0.00000000, 0.29000000
"3","Petal.Width", 71, 71,22,2,0.411764706,3,3, 2.00000000, 0.00000000,49.00000000,22.00000000, 0.00000000, 0.69014085, 0.30985915, 0.71000000
"6","<leaf>", 48, 48, 0,2,0.000000000,0,0, 2.00000000, 0.00000000,48.00000000, 0.00000000, 0.00000000, 1.00000000, 0.00000000, 0.48000000
"7","Petal.Length", 23, 23, 1,3,0.009803922,3,0, 3.00000000, 0.00000000, 1.00000000,22.00000000, 0.00000000, 0.04347826, 0.95652174, 0.23000000
"14","Sepal.Length",  2,  2, 1,2,0.009803922,3,0, 2.00000000, 0.00000000, 1.00000000, 1.00000000, 0.00000000, 0.50000000, 0.50000000, 0.02000000
"28","<leaf>",  1,  1, 0,2,0.000000000,0,0, 2.00000000, 0.00000000, 1.00000000, 0.00000000, 0.00000000, 1.00000000, 0.00000000, 0.01000000
"29","<leaf>",  1,  1, 0,3,0.000000000,0,0, 3.00000000, 0.00000000, 0.00000000, 1.00000000, 0.00000000, 0.00000000, 1.00000000, 0.01000000
"15","<leaf>", 21, 21, 0,3,0.000000000,0,0, 3.00000000, 0.00000000, 0.00000000,21.00000000, 0.00000000, 0.00000000, 1.00000000, 0.21000000
