"","var","n","wt","dev","yval","complexity","ncompete","nsurrogate","yval2.","yval2.","yval2.","yval2.","yval2.","yval2.","yval2.","yval2.nodeprob"
"1","Petal.Length",99,99,50,2,0.46,3,3, 2.00000000,22.00000000,49.00000000,28.00000000, 0.22222222, 0.49494949, 0.28282828, 1.00000000
"2","<leaf>",22,22, 0,1,0.00,0,0, 1.00000000,22.00000000, 0.00000000, 0.00000000, 1.00000000, 0.00000000, 0.00000000, 0.22222222
"3","Petal.Length",77,77,28,2,0.46,3,3, 2.00000000, 0.00000000,49.00000000,28.00000000, 0.00000000, 0.63636364, 0.36363636, 0.77777778
"6","Sepal.Length",51,51, 3,2,0.02,3,0, 2.00000000, 0.00000000,48.00000000, 3.00000000, 0.00000000, 0.94117647, 0.05882353, 0.51515152
"12","Sepal.Length",50,50, 2,2,0.02,3,1, 2.00000000, 0.00000000,48.00000000, 2.00000000, 0.00000000, 0.96000000, 0.04000000, 0.50505051
"24","<leaf>",37,37, 0,2,0.00,0,0, 2.00000000, 0.00000000,37.00000000, 0.00000000, 0.00000000, 1.00000000, 0.00000000, 0.37373737
"25","Petal.Width",13,13, 2,2,0.02,3,1, 2.00000000, 0.00000000,11.00000000, 2.00000000, 0.00000000, 0.84615385, 0.15384615, 0.13131313
"50","<leaf>",11,11, 0,2,0.00,0,0, 2.00000000, 0.00000000,11.00000000, 0.00000000, 0.00000000, 1.00000000, 0.00000000, 0.11111111
"51","<leaf>", 2, 2, 0,3,0.00,0,0, 3.00000000, 0.00000000, 0.00000000, 2.00000000, 0.00000000, 0.00000000, 1.00000000, 0.02020202
"13","<leaf>", 1, 1, 0,3,0.00,0,0, 3.00000000, 0.00000000, 0.00000000, 1.00000000, 0.00000000, 0.00000000, 1.00000000, 0.01010101
"7","Petal.Width",26,26, 1,3,0.01,3,0, 3.00000000, 0.00000000, 1.00000000,25.00000000, 0.00000000, 0.03846154, 0.96153846, 0.26262626
"14","Sepal.Length", 2, 2, 1,2,0.01,2,0, 2.00000000, 0.00000000, 1.00000000, 1.00000000, 0.00000000, 0.50000000, 0.50000000, 0.02020202
"28","<leaf>", 1, 1, 0,2,0.00,0,0, 2.00000000, 0.00000000, 1.00000000, 0.00000000, 0.00000000, 1.00000000, 0.00000000, 0.01010101
"29","<leaf>", 1, 1, 0,3,0.00,0,0, 3.00000000, 0.00000000, 0.00000000, 1.00000000, 0.00000000, 0.00000000, 1.00000000, 0.01010101
"15","<leaf>",24,24, 0,3,0.00,0,0, 3.00000000, 0.00000000, 0.00000000,24.00000000, 0.00000000, 0.00000000, 1.00000000, 0.24242424
