"","var","n","wt","dev","yval","complexity","ncompete","nsurrogate","yval2.","yval2.","yval2.","yval2.","yval2.","yval2.","yval2.","yval2.nodeprob"
"1","Petal.Length",99,99,53,1,0.566037736,3,3, 1.00000000,46.00000000,23.00000000,30.00000000, 0.46464646, 0.23232323, 0.30303030, 1.00000000
"2","<leaf>",46,46, 0,1,0.000000000,0,0, 1.00000000,46.00000000, 0.00000000, 0.00000000, 1.00000000, 0.00000000, 0.00000000, 0.46464646
"3","Petal.Width",53,53,23,3,0.396226415,3,3, 3.00000000, 0.00000000,23.00000000,30.00000000, 0.00000000, 0.43396226, 0.56603774, 0.53535354
"6","Petal.Length",23,23, 1,2,0.018867925,3,0, 2.00000000, 0.00000000,22.00000000, 1.00000000, 0.00000000, 0.95652174, 0.04347826, 0.23232323
"12","<leaf>",22,22, 0,2,0.000000000,0,0, 2.00000000, 0.00000000,22.00000000, 0.00000000, 0.00000000, 1.00000000, 0.00000000, 0.22222222
"13","<leaf>", 1, 1, 0,3,0.000000000,0,0, 3.00000000, 0.00000000, 0.00000000, 1.00000000, 0.00000000, 0.00000000, 1.00000000, 0.01010101
"7","Petal.Length",30,30, 1,3,0.009433962,3,0, 3.00000000, 0.00000000, 1.00000000,29.00000000, 0.00000000, 0.03333333, 0.96666667, 0.30303030
"14","Sepal.Width", 4, 4, 1,3,0.009433962,3,0, 3.00000000, 0.00000000, 1.00000000, 3.00000000, 0.00000000, 0.25000000, 0.75000000, 0.04040404
"28","<leaf>", 1, 1, 0,2,0.000000000,0,0, 2.00000000, 0.00000000, 1.00000000, 0.00000000, 0.00000000, 1.00000000, 0.00000000, 0.01010101
"29","<leaf>", 3, 3, 0,3,0.000000000,0,0, 3.00000000, 0.00000000, 0.00000000, 3.00000000, 0.00000000, 0.00000000, 1.00000000, 0.03030303
"15","<leaf>",26,26, 0,3,0.000000000,0,0, 3.00000000, 0.00000000, 0.00000000,26.00000000, 0.00000000, 0.00000000, 1.00000000, 0.26262626
