"","var","n","wt","dev","yval","complexity","ncompete","nsurrogate","yval2.","yval2.","yval2.","yval2.","yval2.","yval2.","yval2.","yval2.nodeprob"
"1","Petal.Length",99,99,47,2,0.51063830,3,3, 2.00000000,24.00000000,52.00000000,23.00000000, 0.24242424, 0.52525253, 0.23232323, 1.00000000
"2","<leaf>",24,24, 0,1,0.00000000,0,0, 1.00000000,24.00000000, 0.00000000, 0.00000000, 1.00000000, 0.00000000, 0.00000000, 0.24242424
"3","Petal.Width",75,75,23,2,0.40425532,3,3, 2.00000000, 0.00000000,52.00000000,23.00000000, 0.00000000, 0.69333333, 0.30666667, 0.75757576
"6","Petal.Length",54,54, 3,2,0.04255319,3,1, 2.00000000, 0.00000000,51.00000000, 3.00000000, 0.00000000, 0.94444444, 0.05555556, 0.54545455
"12","<leaf>",50,50, 0,2,0.00000000,0,0, 2.00000000, 0.00000000,50.00000000, 0.00000000, 0.00000000, 1.00000000, 0.00000000, 0.50505051
"13","Sepal.Length", 4, 4, 1,3,0.01063830,3,1, 3.00000000, 0.00000000, 1.00000000, 3.00000000, 0.00000000, 0.25000000, 0.75000000, 0.04040404
"26","Sepal.Width", 2, 2, 1,2,0.01063830,2,0, 2.00000000, 0.00000000, 1.00000000, 1.00000000, 0.00000000, 0.50000000, 0.50000000, 0.02020202
"52","<leaf>", 1, 1, 0,2,0.00000000,0,0, 2.00000000, 0.00000000, 1.00000000, 0.00000000, 0.00000000, 1.00000000, 0.00000000, 0.01010101
"53","<leaf>", 1, 1, 0,3,0.00000000,0,0, 3.00000000, 0.00000000, 0.00000000, 1.00000000, 0.00000000, 0.00000000, 1.00000000, 0.01010101
"27","<leaf>", 2, 2, 0,3,0.00000000,0,0, 3.00000000, 0.00000000, 0.00000000, 2.00000000, 0.00000000, 0.00000000, 1.00000000, 0.02020202
"7","Sepal.Length",21,21, 1,3,0.01063830,3,0, 3.00000000, 0.00000000, 1.00000000,20.00000000, 0.00000000, 0.04761905, 0.95238095, 0.21212121
"14","Sepal.Length", 3, 3, 1,3,0.01063830,3,0, 3.00000000, 0.00000000, 1.00000000, 2.00000000, 0.00000000, 0.33333333, 0.66666667, 0.03030303
"28","<leaf>", 1, 1, 0,2,0.00000000,0,0, 2.00000000, 0.00000000, 1.00000000, 0.00000000, 0.00000000, 1.00000000, 0.00000000, 0.01010101
"29","<leaf>", 2, 2, 0,3,0.00000000,0,0, 3.00000000, 0.00000000, 0.00000000, 2.00000000, 0.00000000, 0.00000000, 1.00000000, 0.02020202
"15","<leaf>",18,18, 0,3,0.00000000,0,0, 3.00000000, 0.00000000, 0.00000000,18.00000000, 0.00000000, 0.00000000, 1.00000000, 0.18181818
