"","var","n","wt","dev","yval","complexity","ncompete","nsurrogate","yval2.","yval2.","yval2.","yval2.","yval2.","yval2.","yval2.","yval2.nodeprob"
"1","Petal.Length",100,100,51,1,0.509803922,3,3, 1.00000000,49.00000000,26.00000000,25.00000000, 0.49000000, 0.26000000, 0.25000000, 1.00000000
"2","<leaf>", 49, 49, 0,1,0.000000000,0,0, 1.00000000,49.00000000, 0.00000000, 0.00000000, 1.00000000, 0.00000000, 0.00000000, 0.49000000
"3","Petal.Width", 51, 51,25,2,0.431372549,3,3, 2.00000000, 0.00000000,26.00000000,25.00000000, 0.00000000, 0.50980392, 0.49019608, 0.51000000
"6","Petal.Length", 25, 25, 1,2,0.019607843,3,0, 2.00000000, 0.00000000,24.00000000, 1.00000000, 0.00000000, 0.96000000, 0.04000000, 0.25000000
"12","<leaf>", 24, 24, 0,2,0.000000000,0,0, 2.00000000, 0.00000000,24.00000000, 0.00000000, 0.00000000, 1.00000000, 0.00000000, 0.24000000
"13","<leaf>",  1,  1, 0,3,0.000000000,0,0, 3.00000000, 0.00000000, 0.00000000, 1.00000000, 0.00000000, 0.00000000, 1.00000000, 0.01000000
"7","Petal.Length", 26, 26, 2,3,0.019607843,3,0, 3.00000000, 0.00000000, 2.00000000,24.00000000, 0.00000000, 0.07692308, 0.92307692, 0.26000000
"14","<leaf>",  1,  1, 0,2,0.000000000,0,0, 2.00000000, 0.00000000, 1.00000000, 0.00000000, 0.00000000, 1.00000000, 0.00000000, 0.01000000
"15","Sepal.Length", 25, 25, 1,3,0.009803922,3,0, 3.00000000, 0.00000000, 1.00000000,24.00000000, 0.00000000, 0.04000000, 0.96000000, 0.25000000
"30","Sepal.Length",  3,  3, 1,3,0.009803922,3,0, 3.00000000, 0.00000000, 1.00000000, 2.00000000, 0.00000000, 0.33333333, 0.66666667, 0.03000000
"60","<leaf>",  1,  1, 0,2,0.000000000,0,0, 2.00000000, 0.00000000, 1.00000000, 0.00000000, 0.00000000, 1.00000000, 0.00000000, 0.01000000
"61","<leaf>",  2,  2, 0,3,0.000000000,0,0, 3.00000000, 0.00000000, 0.00000000, 2.00000000, 0.00000000, 0.00000000, 1.00000000, 0.02000000
"31","<leaf>", 22, 22, 0,3,0.000000000,0,0, 3.00000000, 0.00000000, 0.00000000,22.00000000, 0.00000000, 0.00000000, 1.00000000, 0.22000000
