"","var","n","wt","dev","yval","complexity","ncompete","nsurrogate","yval2.","yval2.","yval2.","yval2.","yval2.","yval2.","yval2.","yval2.nodeprob"
"1","Petal.Width",100,100,46,3,0.50000000,3,3, 3.00000000,20.00000000,26.00000000,54.00000000, 0.20000000, 0.26000000, 0.54000000, 1.00000000
"2","Petal.Length", 47, 47,22,2,0.43478261,3,3, 2.00000000,20.00000000,25.00000000, 2.00000000, 0.42553191, 0.53191489, 0.04255319, 0.47000000
"4","<leaf>", 20, 20, 0,1,0.00000000,0,0, 1.00000000,20.00000000, 0.00000000, 0.00000000, 1.00000000, 0.00000000, 0.00000000, 0.20000000
"5","Sepal.Length", 27, 27, 2,2,0.02173913,3,0, 2.00000000, 0.00000000,25.00000000, 2.00000000, 0.00000000, 0.92592593, 0.07407407, 0.27000000
"10","Petal.Length", 26, 26, 1,2,0.02173913,3,0, 2.00000000, 0.00000000,25.00000000, 1.00000000, 0.00000000, 0.96153846, 0.03846154, 0.26000000
"20","<leaf>", 25, 25, 0,2,0.00000000,0,0, 2.00000000, 0.00000000,25.00000000, 0.00000000, 0.00000000, 1.00000000, 0.00000000, 0.25000000
"21","<leaf>",  1,  1, 0,3,0.00000000,0,0, 3.00000000, 0.00000000, 0.00000000, 1.00000000, 0.00000000, 0.00000000, 1.00000000, 0.01000000
"11","<leaf>",  1,  1, 0,3,0.00000000,0,0, 3.00000000, 0.00000000, 0.00000000, 1.00000000, 0.00000000, 0.00000000, 1.00000000, 0.01000000
"3","Petal.Length", 53, 53, 1,3,0.01086957,3,0, 3.00000000, 0.00000000, 1.00000000,52.00000000, 0.00000000, 0.01886792, 0.98113208, 0.53000000
"6","Sepal.Length",  2,  2, 1,2,0.01086957,1,0, 2.00000000, 0.00000000, 1.00000000, 1.00000000, 0.00000000, 0.50000000, 0.50000000, 0.02000000
"12","<leaf>",  1,  1, 0,2,0.00000000,0,0, 2.00000000, 0.00000000, 1.00000000, 0.00000000, 0.00000000, 1.00000000, 0.00000000, 0.01000000
"13","<leaf>",  1,  1, 0,3,0.00000000,0,0, 3.00000000, 0.00000000, 0.00000000, 1.00000000, 0.00000000, 0.00000000, 1.00000000, 0.01000000
"7","<leaf>", 51, 51, 0,3,0.00000000,0,0, 3.00000000, 0.00000000, 0.00000000,51.00000000, 0.00000000, 0.00000000, 1.00000000, 0.51000000
