"","count","ncat","improve","index","adj"
"Petal.Length",100,-1,26.4225641025641,2.6,0
"Petal.Width",100,-1,26.4225641025641,0.7,0
"Sepal.Length",100,-1,16.9866666666667,5.45,0
"Sepal.Width",100,-1,15.7060294117647,2.45,0
"Petal.Width",0,-1,1,0.7,1
"Sepal.Length",0,-1,0.93,5.15,0.681818181818182
"Sepal.Width",0,1,0.91,3.35,0.590909090909091
"Petal.Length",78,-1,28.4900284900285,5.05,0
"Petal.Width",78,-1,26.5812094823415,1.75,0
"Sepal.Length",78,-1,15.0902979427345,6.25,0
"Sepal.Width",78,-1,13.2591380250955,2.45,0
"Petal.Width",0,-1,0.91025641025641,1.75,0.708333333333333
"Sepal.Length",0,-1,0.858974358974359,6.25,0.541666666666667
"Sepal.Width",0,-1,0.756410256410256,2.55,0.208333333333333
"Petal.Width",54,-1,4.74074074074074,1.65,0
"Petal.Length",54,-1,1.70088566827697,4.75,0
"Sepal.Width",54,-1,0.798711755233495,2.45,0
"Sepal.Length",54,1,0.753561253561252,4.95,0
"Petal.Length",0,-1,0.925925925925926,4.75,0.333333333333334
"Sepal.Length",6,1,1.06666666666667,6.5,0
"Sepal.Width",6,1,1.06666666666667,3.1,0
"Petal.Length",6,1,0.266666666666667,4.65,0
"Petal.Width",6,-1,0.266666666666667,1.85,0
"Sepal.Width",5,1,1.6,3.1,0
"Sepal.Length",5,-1,0.6,5.95,0
"Petal.Length",5,-1,0.266666666666667,4.85,0
"Petal.Width",5,1,0.1,1.75,0
