"","count","ncat","improve","index","adj"
"Petal.Length",100,-1,30.0994520547945,2.7,0
"Petal.Width",100,-1,30.0994520547945,0.7,0
"Sepal.Length",100,-1,24.0395839675292,5.45,0
"Sepal.Width",100,1,15.3143972835314,3.05,0
"Petal.Width",0,-1,1,0.7,1
"Sepal.Length",0,-1,0.96,5.45,0.851851851851852
"Sepal.Width",0,1,0.88,3.35,0.555555555555556
"Petal.Width",73,-1,30.6907607111629,1.75,0
"Petal.Length",73,-1,29.1011931064958,4.75,0
"Sepal.Length",73,-1,15.9639868592326,5.75,0
"Sepal.Width",73,-1,4.89298196280079,3.15,0
"Petal.Length",0,-1,0.931506849315068,4.75,0.807692307692307
"Sepal.Length",0,-1,0.821917808219178,6.15,0.5
"Sepal.Width",0,-1,0.73972602739726,3.15,0.269230769230769
"Petal.Length",47,-1,1.87326549491212,5.35,0
"Sepal.Width",47,1,0.972644376899694,2.65,0
"Sepal.Length",47,-1,0.445171849427167,5.9,0
"Petal.Width",47,-1,0.0349154391707547,1.35,0
"Sepal.Width",46,1,0.956521739130434,2.3,0
"Petal.Length",46,-1,0.6231884057971,4.95,0
"Sepal.Length",46,-1,0.1231884057971,5.9,0
"Petal.Width",46,-1,0.0171277997364954,1.45,0
"Sepal.Length",2,-1,1,5.5,0
"Sepal.Width",2,-1,1,2.1,0
"Petal.Length",2,-1,1,4.25,0
"Petal.Width",2,-1,1,1.25,0
