"","count","ncat","improve","index","adj"
"Petal.Length",100,-1,28.0002597402597,2.5,0
"Petal.Width",100,-1,28.0002597402597,0.8,0
"Sepal.Length",100,-1,19.3881761716544,5.45,0
"Sepal.Width",100,1,6.24913043478261,3.45,0
"Petal.Width",0,-1,1,0.8,1
"Sepal.Length",0,-1,0.94,5.45,0.739130434782608
"Sepal.Width",0,1,0.83,3.45,0.260869565217391
"Petal.Length",77,-1,26.5755297334245,5.05,0
"Petal.Width",77,-1,24.7557144948449,1.65,0
"Sepal.Length",77,-1,10.4230055658627,6.15,0
"Sepal.Width",77,1,4.19603655603656,3.35,0
"Petal.Width",0,-1,0.961038961038961,1.75,0.85
"Sepal.Length",0,-1,0.844155844155844,6.15,0.4
"Petal.Width",57,-1,1.7219463753724,1.65,0
"Petal.Length",57,-1,1.05675954592363,4.75,0
"Sepal.Width",57,1,0.867067669172934,2.55,0
"Sepal.Length",57,1,0.829665071770337,5.05,0
"Petal.Length",53,-1,1.9622641509434,4.95,0
"Sepal.Width",53,1,0.962264150943396,2.25,0
"Petal.Width",53,1,0.0363382250174691,1.55,0
"Sepal.Length",53,-1,0.016318204997452,5.95,0
"Sepal.Length",4,1,0.666666666666667,5.4,0
"Sepal.Width",4,1,0.666666666666667,2.75,0
"Petal.Length",4,1,0.666666666666667,4.65,0
"Sepal.Length",3,-1,0.333333333333333,5.95,0
"Sepal.Width",3,1,0.333333333333333,3.1,0
"Petal.Length",3,1,0.333333333333333,4.9,0
"Petal.Width",3,-1,0.333333333333333,1.75,0
"Sepal.Length",2,1,1,6.35,0
"Petal.Length",2,1,1,4.9,0
"Petal.Width",2,-1,1,1.75,0
