"","count","ncat","improve","index","adj"
"Petal.Length",100,-1,33.6981132075472,5.05,0
"Petal.Width",100,-1,24.5,0.7,0
"Sepal.Length",100,-1,17.4285714285714,5.75,0
"Sepal.Width",100,1,10.9972899728997,3.35,0
"Sepal.Length",0,-1,0.82,6.05,0.617021276595745
"Petal.Width",0,-1,0.81,1.35,0.595744680851064
"Sepal.Width",0,1,0.69,2.65,0.340425531914893
"Petal.Length",53,-1,22.8473413379074,2.45,0
"Petal.Width",53,-1,22.8473413379074,0.7,0
"Sepal.Width",53,1,13.5326560232221,3.35,0
"Sepal.Length",53,-1,12.7274820305481,5.45,0
"Petal.Width",0,-1,1,0.7,1
"Sepal.Width",0,1,0.886792452830189,3.35,0.7
"Sepal.Length",0,-1,0.867924528301887,5.45,0.65
"Petal.Width",33,-1,3.05454545454546,1.65,0
"Sepal.Length",33,1,1.70454545454546,4.95,0
"Petal.Length",33,-1,0.861952861952862,4.75,0
"Sepal.Width",33,1,0.42676767676768,2.55,0
"Petal.Length",0,-1,0.909090909090909,4.75,0.4
"Sepal.Width",5,1,1.06666666666667,2.75,0
"Sepal.Length",5,1,0.9,6.5,0
"Petal.Length",5,1,0.4,4.65,0
"Petal.Width",5,-1,0.4,1.85,0
"Sepal.Length",3,-1,0.333333333333333,5.95,0
"Sepal.Width",3,1,0.333333333333333,3.1,0
"Petal.Length",3,1,0.333333333333333,4.9,0
"Petal.Width",3,-1,0.333333333333333,1.75,0
"Sepal.Length",2,1,1,6.35,0
"Petal.Length",2,1,1,4.9,0
"Petal.Width",2,-1,1,1.75,0
