"","count","ncat","improve","index","adj"
"Petal.Length",100,-1,34.5001282051282,4.75,0
"Petal.Width",100,-1,33.2018181818182,1.65,0
"Sepal.Length",100,-1,23.5864665866347,6.25,0
"Sepal.Width",100,-1,8.77238095238096,3.75,0
"Petal.Width",0,-1,0.96,1.75,0.916666666666667
"Sepal.Length",0,-1,0.89,6.25,0.770833333333333
"Sepal.Width",0,-1,0.72,3.75,0.416666666666667
"Petal.Length",52,-1,25.0356125356125,2.35,0
"Petal.Width",52,-1,25.0356125356125,0.75,0
"Sepal.Length",52,-1,13.237094017094,5.45,0
"Sepal.Width",52,1,8.28406098406099,3.35,0
"Petal.Width",0,-1,1,0.75,1
"Sepal.Length",0,-1,0.846153846153846,5.45,0.68
"Sepal.Width",0,1,0.788461538461538,3.15,0.56
"Sepal.Length",27,1,1.92592592592593,4.95,0
"Petal.Width",27,-1,1.92592592592593,1.65,0
"Sepal.Width",27,1,0.211640211640213,2.55,0
"Petal.Length",27,-1,0.107744107744109,4.45,0
"Sepal.Length",48,-1,0.625000000000001,6.05,0
"Petal.Width",48,-1,0.458333333333335,1.7,0
"Sepal.Width",48,-1,0.291666666666668,2.75,0
"Petal.Length",48,-1,0.24404761904762,5.15,0
"Petal.Width",3,-1,1.33333333333333,1.7,0
"Sepal.Length",3,1,0.333333333333333,5.9,0
"Sepal.Width",3,-1,0.333333333333333,2.85,0
"Petal.Length",3,1,0.333333333333333,4.95,0
