"","count","ncat","improve","index","adj"
"Petal.Width",100,-1,34.021324769169,1.55,0
"Petal.Length",100,-1,33.6605362144858,4.8,0
"Sepal.Length",100,-1,24.9866666666667,6.25,0
"Sepal.Width",100,1,15.395,3.35,0
"Petal.Length",0,-1,0.97,4.6,0.936170212765957
"Sepal.Length",0,-1,0.9,5.85,0.787234042553192
"Sepal.Width",0,1,0.7,3.05,0.361702127659574
"Petal.Length",47,-1,22.6382978723404,2.6,0
"Petal.Width",47,-1,22.6382978723404,0.75,0
"Sepal.Width",47,1,14.1534493874919,2.95,0
"Sepal.Length",47,-1,9.46536554151335,5.45,0
"Petal.Width",0,-1,1,0.75,1
"Sepal.Width",0,1,0.893617021276596,2.95,0.736842105263158
"Sepal.Length",0,-1,0.829787234042553,5.45,0.578947368421053
"Petal.Length",53,-1,2.36704402515723,4.8,0
"Sepal.Length",53,-1,1.16037735849057,6.35,0
"Sepal.Width",53,1,1.03626388331326,3.25,0
"Petal.Width",53,-1,0.30323450134771,1.65,0
"Sepal.Length",3,1,1.33333333333333,5.45,0
"Sepal.Width",3,1,1.33333333333333,2.9,0
"Petal.Width",3,-1,1.33333333333333,1.65,0
"Petal.Length",3,1,0.333333333333333,4.6,0
"Sepal.Length",50,-1,0.360000000000001,6.05,0
"Sepal.Width",50,-1,0.293333333333334,2.75,0
"Petal.Length",50,-1,0.245714285714286,5.15,0
"Petal.Width",50,-1,0.0369230769230784,1.7,0
"Petal.Length",0,-1,0.96,5.15,0.6
"Sepal.Width",0,-1,0.92,2.85,0.2
"Sepal.Length",5,1,1.6,5.95,0
"Petal.Width",5,-1,1.6,1.7,0
"Sepal.Width",5,-1,0.266666666666667,2.75,0
"Petal.Length",5,1,0.266666666666667,5.05,0
