"","count","ncat","improve","index","adj"
"Petal.Width",100,-1,27.42,1.75,0
"Petal.Length",100,-1,27.1565398274987,4.85,0
"Sepal.Length",100,-1,17.0614285714286,5.55,0
"Sepal.Width",100,1,15.1262508858965,3.35,0
"Petal.Length",0,-1,0.96,4.75,0.84
"Sepal.Length",0,-1,0.85,6.15,0.4
"Petal.Length",75,-1,28.6533333333333,2.45,0
"Petal.Width",75,-1,28.6533333333333,0.8,0
"Sepal.Length",75,-1,19.561641337386,5.55,0
"Sepal.Width",75,1,18.42,3.35,0
"Petal.Width",0,-1,1,0.8,1
"Sepal.Width",0,1,0.92,3.35,0.714285714285714
"Sepal.Length",0,-1,0.906666666666667,5.45,0.666666666666667
"Petal.Length",54,-1,3.7051282051282,5.05,0
"Petal.Width",54,-1,0.866666666666668,1.35,0
"Sepal.Length",54,1,0.820512820512823,4.95,0
"Sepal.Width",54,1,0.0952380952380967,2.85,0
"Sepal.Length",52,1,0.961538461538463,4.95,0
"Petal.Width",52,-1,0.961538461538463,1.65,0
"Petal.Length",52,-1,0.12820512820513,4.45,0
"Sepal.Width",52,1,0.0240384615384635,2.55,0
"Sepal.Width",2,-1,1,2.45,0
"Petal.Length",2,-1,1,3.9,0
"Petal.Width",2,-1,1,1.35,0
