"","count","ncat","improve","index","adj"
"Petal.Length",99,-1,29.3680043680044,2.35,0
"Petal.Width",99,-1,29.3680043680044,0.8,0
"Sepal.Length",99,-1,18.4086381051898,5.45,0
"Sepal.Width",99,1,18.3036849214044,2.95,0
"Petal.Width",0,-1,1,0.8,1
"Sepal.Length",0,-1,0.919191919191919,5.45,0.68
"Sepal.Width",0,1,0.888888888888889,3.35,0.56
"Petal.Length",74,-1,26.076036036036,4.75,0
"Petal.Width",74,-1,26.036036036036,1.65,0
"Sepal.Length",74,-1,11.8438791732909,5.75,0
"Sepal.Width",74,-1,8.61878661878662,2.95,0
"Petal.Width",0,-1,0.945945945945946,1.45,0.833333333333333
"Sepal.Length",0,-1,0.837837837837838,5.75,0.5
"Sepal.Width",0,-1,0.810810810810811,2.95,0.416666666666667
"Petal.Width",50,-1,1.96,1.65,0
"Sepal.Length",50,1,0.960000000000001,4.95,0
"Petal.Length",50,-1,0.245714285714286,4.45,0
"Sepal.Width",50,1,0.182222222222223,2.55,0
"Petal.Width",24,-1,1.26666666666667,1.7,0
"Petal.Length",24,-1,0.466666666666667,5.15,0
"Sepal.Width",24,-1,0.266666666666666,2.75,0
"Sepal.Length",24,-1,0.171929824561403,6.1,0
"Sepal.Width",5,1,0.9,3.05,0
"Petal.Length",5,-1,0.9,4.95,0
"Sepal.Length",5,-1,0.4,7.05,0
"Petal.Width",5,1,0.0666666666666664,1.55,0
"Sepal.Length",4,-1,0.5,6.15,0
"Sepal.Width",4,-1,0.5,2.75,0
"Petal.Width",4,1,0.5,1.55,0
"Petal.Length",4,1,0.166666666666667,5.05,0
"Sepal.Width",0,-1,1,2.75,1
"Sepal.Width",2,1,1,2.45,0
"Petal.Length",2,1,1,5.05,0
"Petal.Width",2,1,1,1.55,0
