"","count","ncat","improve","index","adj"
"Petal.Length",100,-1,32.3738028169014,2.6,0
"Petal.Width",100,-1,32.3738028169014,0.8,0
"Sepal.Length",100,-1,25.892380952381,5.55,0
"Sepal.Width",100,1,18.1516937914406,3.25,0
"Petal.Width",0,-1,1,0.8,1
"Sepal.Length",0,-1,0.95,5.45,0.827586206896552
"Sepal.Width",0,1,0.9,3.25,0.655172413793104
"Petal.Length",71,-1,22.8930988528574,4.85,0
"Petal.Width",71,-1,21.6896754439682,1.65,0
"Sepal.Length",71,-1,10.559069300499,6.05,0
"Sepal.Width",71,-1,4.71669552196902,2.95,0
"Petal.Width",0,-1,0.901408450704225,1.45,0.681818181818182
"Sepal.Length",0,-1,0.830985915492958,5.95,0.454545454545455
"Sepal.Width",0,-1,0.746478873239437,2.95,0.181818181818182
"Petal.Width",22,-1,2.3030303030303,1.6,0
"Sepal.Length",22,1,1.73160173160173,5.2,0
"Petal.Length",22,-1,0.525252525252526,4.45,0
"Sepal.Width",22,1,0.303030303030304,2.85,0
"Petal.Length",0,-1,0.909090909090909,4.75,0.333333333333333
"Sepal.Width",3,1,1.33333333333333,3,0
"Sepal.Length",3,1,0.333333333333333,5.4,0
"Petal.Length",3,1,0.333333333333333,4.65,0
"Petal.Width",3,1,0.333333333333333,1.75,0
"Petal.Width",49,-1,1.17006802721089,1.7,0
"Petal.Length",49,-1,0.636734693877553,5.15,0
"Sepal.Length",49,-1,0.381179138321996,6.05,0
"Sepal.Width",49,-1,0.170068027210885,2.75,0
"Sepal.Length",0,-1,0.897959183673469,6.2,0.166666666666667
"Sepal.Width",6,1,1.06666666666667,3.05,0
"Petal.Length",6,-1,1.06666666666667,4.95,0
"Sepal.Length",6,-1,0.266666666666667,7.05,0
"Petal.Width",6,1,0.266666666666667,1.45,0
"Sepal.Length",5,-1,0.6,6.05,0
"Petal.Width",5,1,0.6,1.55,0
"Sepal.Width",5,1,0.266666666666667,2.65,0
"Petal.Length",5,-1,0.266666666666667,5.35,0
"Sepal.Width",0,-1,0.8,2.75,0.5
"Petal.Length",0,-1,0.8,5.35,0.5
"Sepal.Width",2,1,1,2.45,0
"Petal.Length",2,1,1,5.05,0
"Petal.Width",2,1,1,1.55,0
