"","count","ncat","improve","index","adj"
"Petal.Length",100,-1,28.0002597402597,2.35,0
"Petal.Width",100,-1,28.0002597402597,0.8,0
"Sepal.Length",100,-1,17.5072073822244,5.45,0
"Sepal.Width",100,1,11.8171095571096,3.15,0
"Petal.Width",0,-1,1,0.8,1
"Sepal.Length",0,-1,0.92,5.45,0.652173913043478
"Sepal.Width",0,1,0.87,3.15,0.434782608695652
"Petal.Width",77,-1,26.6308094421302,1.65,0
"Petal.Length",77,-1,25.0182017982018,4.75,0
"Sepal.Length",77,-1,11.7015641591113,6.15,0
"Sepal.Width",77,1,1.5107921531484,2.95,0
"Petal.Length",0,-1,0.961038961038961,4.75,0.875
"Sepal.Length",0,-1,0.844155844155844,6.15,0.5
"Sepal.Width",0,-1,0.714285714285714,3.15,0.0833333333333334
"Petal.Length",53,-1,1.9622641509434,5.25,0
"Sepal.Width",53,1,0.144082332761578,2.65,0
"Sepal.Length",53,-1,0.0210876803551607,6.05,0
"Petal.Width",53,-1,0.0178197064989514,1.35,0
"Petal.Length",24,-1,0.80952380952381,5.05,0
"Petal.Width",24,-1,0.757575757575759,1.75,0
"Sepal.Width",24,1,0.333333333333334,2.95,0
"Sepal.Length",24,-1,0.171929824561403,6,0
"Sepal.Width",0,-1,0.791666666666667,2.6,0.285714285714285
"Petal.Width",0,-1,0.791666666666667,1.75,0.285714285714285
"Sepal.Length",0,-1,0.75,6.25,0.142857142857143
"Sepal.Width",7,1,1.52380952380952,2.9,0
"Sepal.Length",7,1,1.19047619047619,6.5,0
"Petal.Length",7,1,0.257142857142857,4.95,0
"Petal.Width",7,-1,0.257142857142857,1.75,0
"Sepal.Length",0,-1,0.714285714285714,6.15,0.333333333333333
"Sepal.Length",3,-1,0.333333333333333,6,0
"Sepal.Width",3,1,0.333333333333333,3.1,0
"Petal.Length",3,-1,0.333333333333333,4.85,0
"Petal.Width",3,-1,0.333333333333333,1.75,0
"Sepal.Length",2,1,1,6.4,0
"Petal.Length",2,1,1,4.95,0
"Petal.Width",2,-1,1,1.75,0
