"","count","ncat","improve","index","adj"
"Petal.Length",100,-1,30.5432876712329,2.35,0
"Petal.Width",100,-1,30.5432876712329,0.7,0
"Sepal.Length",100,-1,24.3787178241865,5.45,0
"Sepal.Width",100,1,14.7969570453633,2.95,0
"Petal.Width",0,-1,1,0.7,1
"Sepal.Length",0,-1,0.96,5.45,0.851851851851852
"Sepal.Width",0,1,0.86,3.05,0.481481481481481
"Petal.Length",73,-1,29.1730086250634,4.75,0
"Petal.Width",73,-1,29.0367123287671,1.75,0
"Sepal.Length",73,-1,11.659243523063,6.25,0
"Sepal.Width",73,-1,5.43999218616463,2.95,0
"Petal.Width",0,-1,0.972602739726027,1.55,0.925925925925926
"Sepal.Length",0,-1,0.821917808219178,6.25,0.518518518518518
"Sepal.Width",0,-1,0.73972602739726,2.95,0.296296296296296
"Petal.Width",27,-1,1.7037037037037,1.75,0
"Petal.Length",27,-1,0.503703703703704,5.15,0
"Sepal.Length",27,-1,0.132275132275132,6.05,0
"Sepal.Width",27,-1,0.132275132275132,2.75,0
"Petal.Width",4,1,2,1.55,0
"Sepal.Length",4,-1,0.666666666666667,6.05,0
"Sepal.Width",4,1,0.666666666666667,2.65,0
"Petal.Length",4,-1,0.666666666666667,5.05,0
