"","count","ncat","improve","index","adj"
"Petal.Length",100,-1,31.9136214485794,4.8,0
"Petal.Width",100,-1,31.7898245614035,1.75,0
"Sepal.Length",100,-1,21.2400322061192,6.25,0
"Sepal.Width",100,1,12.66,3.35,0
"Petal.Width",0,-1,0.95,1.55,0.897959183673469
"Sepal.Length",0,-1,0.89,6.25,0.775510204081633
"Sepal.Width",0,1,0.66,3.15,0.306122448979592
"Petal.Length",51,-1,24.3970588235294,2.45,0
"Petal.Width",51,-1,24.3970588235294,0.8,0
"Sepal.Width",51,1,11.4183408748115,3.05,0
"Sepal.Length",51,-1,9.98791903858318,5.55,0
"Petal.Width",0,-1,1,0.8,1
"Sepal.Width",0,1,0.843137254901961,3.05,0.666666666666667
"Sepal.Length",0,-1,0.803921568627451,5.45,0.583333333333333
"Petal.Width",24,-1,1.91666666666667,1.65,0
"Sepal.Length",24,1,0.916666666666666,4.95,0
"Sepal.Width",24,1,0.138888888888888,2.55,0
"Petal.Length",24,-1,0.138888888888888,4.45,0
"Petal.Width",49,-1,2.63265306122449,1.75,0
"Petal.Length",49,-1,1.67709750566893,5.05,0
"Sepal.Length",49,1,0.412557367444585,6.6,0
"Sepal.Width",49,-1,0.214471243042671,2.75,0
"Petal.Length",6,-1,1.5,5.05,0
"Sepal.Length",6,-1,0.6,6.05,0
"Sepal.Width",6,1,0.6,2.65,0
"Petal.Width",6,1,0.6,1.45,0
"Sepal.Length",0,1,0.833333333333333,6.5,0.5
"Sepal.Width",0,1,0.833333333333333,2.9,0.5
"Sepal.Length",4,-1,1.5,6.05,0
"Sepal.Width",4,-1,0.5,2.75,0
"Petal.Length",4,-1,0.5,5.35,0
"Petal.Width",4,1,0.5,1.55,0
