"","count","ncat","improve","index","adj"
"Petal.Length",99,-1,35.640008927243,4.75,0
"Petal.Width",99,-1,34.1717914438503,1.7,0
"Sepal.Length",99,-1,25.1136117936118,5.45,0
"Sepal.Width",99,1,9.37253559693319,3.35,0
"Petal.Width",0,-1,0.98989898989899,1.7,0.978723404255319
"Sepal.Length",0,-1,0.868686868686869,6.25,0.723404255319149
"Sepal.Width",0,1,0.646464646464647,3.15,0.25531914893617
"Petal.Length",47,-1,23.4893617021277,2.6,0
"Petal.Width",47,-1,23.4893617021277,0.7,0
"Sepal.Length",47,-1,17.9002707930368,5.45,0
"Sepal.Width",47,1,9.74339396019218,2.95,0
"Petal.Width",0,-1,1,0.7,1
"Sepal.Length",0,-1,0.936170212765957,5.45,0.869565217391304
"Sepal.Width",0,1,0.808510638297872,2.95,0.608695652173913
"Petal.Length",52,-1,0.961538461538463,4.85,0
"Sepal.Length",52,-1,0.361538461538463,5.95,0
"Sepal.Width",52,1,0.211538461538463,3.15,0
"Petal.Width",52,-1,0.0186813186813204,1.85,0
"Sepal.Length",2,-1,1,5.95,0
"Sepal.Width",2,1,1,3.1,0
