"","count","ncat","improve","index","adj"
"Petal.Length",100,-1,37.5318367346939,2.5,0
"Petal.Width",100,-1,37.5318367346939,0.8,0
"Sepal.Length",100,-1,29.0688639100763,5.45,0
"Sepal.Width",100,1,18.2129827378563,3.15,0
"Petal.Width",0,-1,1,0.8,1
"Sepal.Length",0,-1,0.94,5.45,0.877551020408163
"Sepal.Width",0,1,0.84,3.15,0.673469387755102
"Petal.Width",49,-1,20.5720428639683,1.65,0
"Petal.Length",49,-1,15.6116115411682,4.95,0
"Sepal.Length",49,-1,4.6808905380334,6.15,0
"Sepal.Width",49,-1,3.13543599257885,3.35,0
"Petal.Length",0,-1,0.877551020408163,4.75,0.739130434782609
"Sepal.Length",0,-1,0.714285714285714,6.15,0.391304347826087
"Sepal.Width",0,-1,0.673469387755102,3.05,0.304347826086956
"Petal.Length",26,-1,0.923076923076922,4.95,0
"Sepal.Width",26,1,0.589743589743589,2.25,0
"Petal.Width",26,-1,0.173076923076922,1.45,0
"Sepal.Length",26,-1,0.0769230769230766,5.95,0
"Sepal.Width",2,1,1,2.45,0
"Petal.Length",2,1,1,5.05,0
"Petal.Width",2,1,1,1.55,0
"Sepal.Length",23,-1,0.413043478260869,5.95,0
"Petal.Length",23,-1,0.413043478260869,4.85,0
"Petal.Width",23,-1,0.198757763975155,1.85,0
"Sepal.Width",23,1,0.163043478260869,3.15,0
"Sepal.Length",4,1,1.5,5.85,0
"Sepal.Width",4,1,1.5,3,0
"Petal.Length",4,-1,0.5,4.95,0
"Petal.Width",4,-1,0.5,1.85,0
