"","count","ncat","improve","index","adj"
"Petal.Width",99,-1,30.1127272727273,1.75,0
"Petal.Length",99,-1,29.8817498291183,4.75,0
"Sepal.Length",99,-1,22.2316461916462,5.45,0
"Sepal.Width",99,1,9.16829377519032,3.15,0
"Petal.Length",0,-1,0.929292929292929,5.15,0.857142857142857
"Sepal.Length",0,-1,0.838383838383838,6.15,0.673469387755102
"Sepal.Width",0,1,0.626262626262626,3.15,0.244897959183673
"Petal.Length",50,-1,20.8841379310345,2.5,0
"Petal.Width",50,-1,20.8841379310345,0.75,0
"Sepal.Length",50,-1,15.48,5.45,0
"Sepal.Width",50,1,10.2433333333333,3.05,0
"Petal.Width",0,-1,1,0.75,1
"Sepal.Length",0,-1,0.92,5.45,0.80952380952381
"Sepal.Width",0,1,0.86,3.05,0.666666666666667
"Petal.Length",29,-1,3.69615192403798,4.95,0
"Sepal.Length",29,-1,1.41871921182266,7.1,0
"Petal.Width",29,-1,1.21703853955375,1.35,0
"Sepal.Width",29,1,0.675862068965516,2.65,0
"Petal.Width",23,-1,1.91304347826087,1.65,0
"Sepal.Length",23,1,0.913043478260869,4.95,0
"Sepal.Width",23,1,0.198757763975155,2.65,0
"Petal.Length",23,-1,0.0668896321070231,4.45,0
"Petal.Width",6,1,1.33333333333333,1.55,0
"Sepal.Width",6,1,0.666666666666667,2.65,0
"Petal.Length",6,-1,0.666666666666667,5.35,0
"Sepal.Length",6,-1,0.266666666666667,6.95,0
"Sepal.Length",0,1,0.833333333333333,6.5,0.666666666666667
"Sepal.Width",0,1,0.833333333333333,2.65,0.666666666666667
"Sepal.Length",3,-1,1.33333333333333,6.95,0
"Petal.Length",3,-1,1.33333333333333,5.45,0
"Sepal.Width",3,-1,0.333333333333333,2.85,0
"Petal.Width",3,1,0.333333333333333,1.65,0
