"","count","ncat","improve","index","adj"
"Petal.Length",100,-1,26.3324050632911,2.35,0
"Petal.Width",100,-1,26.3324050632911,0.75,0
"Sepal.Length",100,-1,17.8886166007905,5.45,0
"Sepal.Width",100,1,14.0081818181818,2.95,0
"Petal.Width",0,-1,1,0.75,1
"Sepal.Length",0,-1,0.94,5.15,0.714285714285714
"Sepal.Width",0,1,0.88,3.35,0.428571428571428
"Petal.Length",79,-1,25.0982781665225,4.95,0
"Petal.Width",79,-1,21.5461914279369,1.75,0
"Sepal.Length",79,-1,12.4740680862009,6.25,0
"Sepal.Width",79,-1,5.88638281549674,2.95,0
"Petal.Width",0,-1,0.911392405063291,1.55,0.695652173913043
"Sepal.Length",0,-1,0.860759493670886,6.25,0.521739130434783
"Sepal.Width",0,-1,0.759493670886076,2.95,0.173913043478261
"Petal.Width",56,-1,2.52380952380952,1.65,0
"Sepal.Length",56,1,1.89350649350649,5,0
"Petal.Length",56,-1,0.428571428571427,4.45,0
"Sepal.Width",56,1,0.148809523809521,2.55,0
"Sepal.Width",3,1,1.33333333333333,3.1,0
"Sepal.Length",3,1,0.333333333333333,5.4,0
"Petal.Length",3,1,0.333333333333333,4.65,0
"Petal.Width",3,1,0.333333333333333,1.75,0
"Petal.Width",23,-1,0.985507246376812,1.75,0
"Petal.Length",23,-1,0.795031055900622,5.25,0
"Sepal.Length",23,-1,0.747412008281574,6.05,0
"Sepal.Width",23,-1,0.185507246376813,3.05,0
"Sepal.Length",0,-1,0.869565217391304,6.15,0.5
"Sepal.Width",0,-1,0.782608695652174,2.75,0.166666666666667
"Petal.Length",0,-1,0.782608695652174,5.05,0.166666666666667
"Petal.Width",6,1,1.33333333333333,1.55,0
"Sepal.Width",6,1,0.666666666666667,2.65,0
"Petal.Length",6,-1,0.666666666666667,5.35,0
"Sepal.Length",6,-1,0.266666666666667,6.95,0
"Sepal.Length",0,1,0.833333333333333,6.5,0.666666666666667
"Sepal.Width",0,1,0.833333333333333,2.65,0.666666666666667
"Sepal.Length",3,-1,1.33333333333333,6.95,0
"Petal.Length",3,-1,1.33333333333333,5.45,0
"Sepal.Width",3,-1,0.333333333333333,2.85,0
"Petal.Width",3,1,0.333333333333333,1.65,0
