"","count","ncat","improve","index","adj"
"Petal.Width",100,-1,33.2228571428572,1.65,0
"Petal.Length",100,-1,32.355974025974,4.75,0
"Sepal.Length",100,-1,26.1077777777778,5.55,0
"Sepal.Width",100,1,12.4529966002914,3.15,0
"Petal.Length",0,-1,0.93,4.75,0.857142857142857
"Sepal.Length",0,-1,0.85,6.15,0.693877551020408
"Sepal.Width",0,1,0.68,3.05,0.346938775510204
"Petal.Length",49,-1,21.639751552795,2.45,0
"Petal.Width",49,-1,21.639751552795,0.75,0
"Sepal.Length",49,-1,16.3352573352573,5.55,0
"Sepal.Width",49,1,9.30530339225991,3.05,0
"Petal.Width",0,-1,1,0.75,1
"Sepal.Length",0,-1,0.938775510204082,5.55,0.869565217391304
"Sepal.Width",0,1,0.836734693877551,3.05,0.652173913043478
"Petal.Length",23,-1,3.71739130434783,5,0
"Sepal.Length",23,-1,1.58102766798419,7.05,0
"Petal.Width",23,-1,0.717391304347826,1.35,0
"Sepal.Width",23,1,0.164759725400458,3.05,0
"Sepal.Length",4,-1,1.5,6.05,0
"Sepal.Width",4,-1,0.5,2.75,0
"Petal.Length",4,-1,0.5,5.35,0
"Petal.Width",4,1,0.5,1.55,0
