"","count","ncat","improve","index","adj"
"Petal.Length",99,-1,36.9788450543167,2.45,0
"Petal.Width",99,-1,36.9788450543167,0.8,0
"Sepal.Length",99,-1,28.6807040998217,5.55,0
"Sepal.Width",99,1,20.1420875420875,3.25,0
"Petal.Width",0,-1,1,0.8,1
"Sepal.Length",0,-1,0.929292929292929,5.45,0.847826086956522
"Sepal.Width",0,1,0.868686868686869,3.25,0.717391304347826
"Petal.Width",53,-1,24.4920174165457,1.7,0
"Petal.Length",53,-1,22.6817610062893,4.75,0
"Sepal.Length",53,-1,7.45563488016318,5.75,0
"Sepal.Width",53,-1,1.76970426870065,2.45,0
"Petal.Length",0,-1,0.943396226415094,4.75,0.884615384615385
"Sepal.Length",0,-1,0.754716981132076,6.05,0.5
"Sepal.Width",0,-1,0.622641509433962,2.45,0.230769230769231
"Petal.Length",26,-1,0.923076923076922,4.9,0
"Sepal.Width",26,1,0.423076923076922,2.25,0
"Petal.Width",26,-1,0.145299145299144,1.45,0
"Sepal.Length",26,-1,0.104895104895104,5.95,0
"Sepal.Width",2,1,1,2.45,0
"Petal.Length",2,1,1,5.05,0
"Petal.Width",2,1,1,1.55,0
