"","count","ncat","improve","index","adj"
"Petal.Length",100,-1,37.4898039215686,2.45,0
"Petal.Width",100,-1,37.4898039215686,0.8,0
"Sepal.Length",100,-1,28.6176811594203,5.45,0
"Sepal.Width",100,1,22.0426262626263,3.05,0
"Petal.Width",0,-1,1,0.8,1
"Sepal.Length",0,-1,0.93,5.45,0.857142857142857
"Sepal.Width",0,1,0.88,3.05,0.755102040816326
"Petal.Width",51,-1,19.8778883861237,1.55,0
"Petal.Length",51,-1,18.5936443542934,4.75,0
"Sepal.Length",51,-1,7.54147812971343,5.75,0
"Sepal.Width",51,-1,2.53089375284998,2.45,0
"Petal.Length",0,-1,0.901960784313726,4.75,0.8
"Sepal.Length",0,-1,0.745098039215686,5.75,0.48
"Sepal.Width",0,-1,0.686274509803922,2.6,0.36
"Petal.Length",25,-1,1.92,4.95,0
"Sepal.Width",25,1,0.586666666666667,2.25,0
"Petal.Width",25,-1,0.253333333333334,1.45,0
"Sepal.Length",25,-1,0.0866666666666673,5.9,0
"Petal.Length",26,-1,1.77230769230769,4.65,0
"Sepal.Length",26,-1,1.29230769230769,6.05,0
"Sepal.Width",26,1,0.835164835164834,3.1,0
"Petal.Width",26,-1,0.775641025641026,1.7,0
"Sepal.Length",25,-1,0.586666666666667,5.95,0
"Petal.Length",25,-1,0.586666666666667,4.85,0
"Sepal.Width",25,1,0.253333333333334,3.1,0
"Petal.Width",25,-1,0.170000000000001,1.85,0
"Sepal.Length",3,1,1.33333333333333,5.85,0
"Sepal.Width",3,1,1.33333333333333,3,0
"Petal.Length",3,-1,1.33333333333333,4.95,0
"Petal.Width",3,-1,1.33333333333333,1.85,0
