"","count","ncat","improve","index","adj"
"Petal.Length",99,-1,29.1837291837292,2.6,0
"Petal.Width",99,-1,29.1837291837292,0.7,0
"Sepal.Length",99,-1,21.469494949495,5.45,0
"Sepal.Width",99,1,18.3027900000829,2.95,0
"Petal.Width",0,-1,1,0.7,1
"Sepal.Length",0,-1,0.94949494949495,5.45,0.8
"Sepal.Width",0,1,0.858585858585859,3.35,0.44
"Petal.Length",74,-1,28.7401247401247,4.8,0
"Petal.Width",74,-1,26.7720550739419,1.7,0
"Sepal.Length",74,-1,11.5318476371108,5.75,0
"Sepal.Width",74,-1,10.0507120023249,3.15,0
"Petal.Width",0,-1,0.945945945945946,1.45,0.846153846153846
"Sepal.Length",0,-1,0.810810810810811,5.75,0.461538461538462
"Sepal.Width",0,-1,0.783783783783784,3.05,0.384615384615385
"Petal.Width",26,-1,1.29230769230769,1.7,0
"Petal.Length",26,-1,0.445930880713489,4.95,0
"Sepal.Width",26,-1,0.225641025641025,3.15,0
"Sepal.Length",26,-1,0.092307692307692,7.05,0
"Sepal.Width",0,-1,0.846153846153846,2.65,0.2
"Sepal.Width",5,1,1.06666666666667,2.65,0
"Sepal.Length",5,1,0.9,6.6,0
"Petal.Length",5,-1,0.9,4.95,0
"Petal.Width",5,1,0.9,1.55,0
"Sepal.Length",0,1,0.8,6.2,0.5
"Sepal.Length",3,-1,0.333333333333333,6.15,0
"Sepal.Width",3,-1,0.333333333333333,2.75,0
"Petal.Length",3,-1,0.333333333333333,5,0
"Petal.Width",3,1,0.333333333333333,1.55,0
"Sepal.Length",2,1,1,6.6,0
"Sepal.Width",2,1,1,2.95,0
"Petal.Length",2,-1,1,5,0
