"","count","ncat","improve","index","adj"
"Petal.Length",99,-1,37.3737373737374,2.6,0
"Petal.Width",99,-1,37.3737373737374,0.8,0
"Sepal.Length",99,-1,30.0183452168746,5.45,0
"Sepal.Width",99,1,25.7567160971416,3.35,0
"Petal.Width",0,-1,1,0.8,1
"Sepal.Length",0,-1,0.94949494949495,5.45,0.897959183673469
"Sepal.Width",0,1,0.909090909090909,3.35,0.816326530612245
"Petal.Length",49,-1,20.3478260869565,4.75,0
"Petal.Width",49,-1,18.5806451612903,1.75,0
"Sepal.Length",49,-1,5.83783783783784,5.75,0
"Sepal.Width",49,-1,3.8109756097561,3.15,0
"Petal.Width",0,-1,0.938775510204082,1.55,0.869565217391304
"Sepal.Length",0,-1,0.775510204081633,6.25,0.521739130434782
"Sepal.Width",0,-1,0.73469387755102,2.95,0.434782608695652
"Petal.Width",23,-1,1.25217391304348,1.75,0
"Petal.Length",23,-1,0.795031055900622,5.05,0
"Sepal.Length",23,1,0.267558528428095,6.55,0
"Sepal.Width",23,1,0.152173913043479,2.85,0
"Sepal.Length",5,1,1.06666666666667,6.4,0
"Sepal.Width",5,1,1.06666666666667,2.8,0
"Petal.Length",5,-1,1.06666666666667,5.3,0
"Petal.Width",5,1,0.9,1.65,0
"Sepal.Width",0,1,1,2.8,1
"Petal.Width",0,1,0.8,1.55,0.5
"Sepal.Length",3,-1,1.33333333333333,7.05,0
"Petal.Length",3,-1,1.33333333333333,5.4,0
"Sepal.Width",3,1,0.333333333333333,3.05,0
"Petal.Width",3,-1,0.333333333333333,1.55,0
