"","count","ncat","improve","index","adj"
"Petal.Length",99,-1,36.7030303030303,2.45,0
"Petal.Width",99,-1,36.7030303030303,0.75,0
"Sepal.Length",99,-1,23.5804713804714,5.75,0
"Sepal.Width",99,1,20.0270534464083,3.35,0
"Petal.Width",0,-1,1,0.75,1
"Sepal.Length",0,-1,0.878787878787879,5.75,0.727272727272727
"Sepal.Width",0,1,0.868686868686869,3.35,0.704545454545455
"Petal.Width",55,-1,23.7038961038961,1.65,0
"Petal.Length",55,-1,22.0388714733542,4.95,0
"Sepal.Length",55,-1,5.46262626262626,7,0
"Sepal.Width",55,-1,2.99327339327339,2.65,0
"Petal.Length",0,-1,0.927272727272727,5.05,0.851851851851852
"Sepal.Length",0,-1,0.709090909090909,6.35,0.407407407407407
"Sepal.Width",0,-1,0.654545454545455,2.65,0.296296296296296
"Petal.Length",28,-1,3.71428571428571,4.95,0
"Sepal.Length",28,-1,1.78835978835979,7.05,0
"Sepal.Width",28,1,0.791208791208792,2.25,0
"Petal.Width",28,-1,0.79120879120879,1.55,0
