"","count","ncat","improve","index","adj"
"Petal.Width",100,-1,29.1832432432433,1.65,0
"Petal.Length",100,-1,28.1242105263158,2.3,0
"Sepal.Width",100,-1,14.9427137042062,2.45,0
"Sepal.Length",100,-1,13.8066666666667,6.15,0
"Petal.Length",0,-1,0.97,4.85,0.884615384615384
"Sepal.Length",0,-1,0.88,6.15,0.538461538461539
"Petal.Length",74,-1,31.7967567567567,2.3,0
"Petal.Width",74,-1,31.7967567567567,0.7,0
"Sepal.Width",74,1,17.9300900900901,3.05,0
"Sepal.Length",74,-1,10.3505067567568,4.85,0
"Petal.Width",0,-1,1,0.7,1
"Sepal.Width",0,1,0.891891891891892,3.05,0.666666666666667
"Sepal.Length",0,-1,0.810810810810811,4.85,0.416666666666667
"Petal.Length",50,-1,0.960000000000001,4.9,0
"Sepal.Width",50,1,0.460000000000001,2.25,0
"Petal.Width",50,-1,0.141818181818182,1.45,0
"Sepal.Length",50,-1,0.0933333333333344,5.85,0
"Sepal.Width",2,1,1,2.45,0
"Petal.Length",2,1,1,5.05,0
"Petal.Width",2,1,1,1.55,0
