"","count","ncat","improve","index","adj"
"Petal.Width",100,-1,34.5681481481482,1.75,0
"Petal.Length",100,-1,33.0851947009233,5.05,0
"Sepal.Length",100,-1,24.1422222222222,5.75,0
"Sepal.Width",100,-1,10.1152380952381,3.75,0
"Petal.Length",0,-1,0.95,5.05,0.891304347826087
"Sepal.Length",0,-1,0.85,6.15,0.673913043478261
"Sepal.Width",0,-1,0.76,3.75,0.478260869565217
"Petal.Length",54,-1,25.1277139208174,2.6,0
"Petal.Width",54,-1,25.1277139208174,0.7,0
"Sepal.Length",54,-1,16.4013024013024,5.45,0
"Sepal.Width",54,1,12.1505895797621,3.05,0
"Petal.Width",0,-1,1,0.7,1
"Sepal.Length",0,-1,0.907407407407407,5.45,0.8
"Sepal.Width",0,1,0.851851851851852,3.05,0.68
"Petal.Length",29,-1,2.39080459770115,5.05,0
"Sepal.Length",29,-1,1.79556650246306,7.05,0
"Petal.Width",29,-1,0.524137931034483,1.45,0
"Sepal.Width",29,-1,0.168582375478927,2.75,0
"Sepal.Length",3,-1,1.33333333333333,6.15,0
"Sepal.Width",3,-1,1.33333333333333,2.75,0
"Petal.Length",3,-1,0.333333333333333,5.45,0
"Petal.Width",3,1,0.333333333333333,1.55,0
