"","count","ncat","improve","index","adj"
"Petal.Length",99,-1,32.9448158051099,4.85,0
"Petal.Width",99,-1,31.36632996633,1.45,0
"Sepal.Length",99,-1,23.1215634606939,5.55,0
"Sepal.Width",99,1,14.2313131313131,2.95,0
"Petal.Width",0,-1,0.939393939393939,1.45,0.875
"Sepal.Length",0,-1,0.888888888888889,6.25,0.770833333333333
"Sepal.Width",0,1,0.727272727272727,2.85,0.4375
"Petal.Length",51,-1,23.4705882352941,2.6,0
"Petal.Width",51,-1,23.4705882352941,0.8,0
"Sepal.Width",51,1,15.1208075335397,2.95,0
"Sepal.Length",51,-1,13.3557164404223,5.45,0
"Petal.Width",0,-1,1,0.8,1
"Sepal.Width",0,1,0.901960784313726,2.95,0.791666666666667
"Sepal.Length",0,-1,0.862745098039216,5.45,0.708333333333333
"Petal.Width",24,-1,2.33333333333333,1.65,0
"Sepal.Length",24,1,0.757575757575759,4.95,0
"Petal.Length",24,-1,0.555555555555556,4.45,0
"Sepal.Width",24,1,0.282051282051282,2.85,0
"Petal.Length",0,-1,0.916666666666667,4.75,0.333333333333333
"Sepal.Width",3,1,1.33333333333333,3,0
"Sepal.Length",3,1,0.333333333333333,5.4,0
"Petal.Length",3,1,0.333333333333333,4.65,0
"Petal.Width",3,1,0.333333333333333,1.75,0
"Sepal.Width",48,-1,0.625000000000001,2.55,0
"Petal.Length",48,-1,0.625000000000001,4.95,0
"Petal.Width",48,-1,0.0324074074074077,1.65,0
"Sepal.Length",48,-1,0.0189393939393963,6.35,0
"Sepal.Length",0,-1,0.958333333333333,6.05,0.333333333333334
"Petal.Length",0,-1,0.958333333333333,5.05,0.333333333333334
"Sepal.Length",3,1,1.33333333333333,6.15,0
"Petal.Length",3,-1,1.33333333333333,4.95,0
"Sepal.Width",3,1,0.333333333333333,2.35,0
"Petal.Width",3,-1,0.333333333333333,1.75,0
