"","count","ncat","improve","index","adj"
"Petal.Length",99,-1,37.0358908231249,2.45,0
"Petal.Width",99,-1,37.0358908231249,0.8,0
"Sepal.Length",99,-1,28.5817173370365,5.45,0
"Sepal.Width",99,1,25.703823953824,3.35,0
"Petal.Width",0,-1,1,0.8,1
"Sepal.Length",0,-1,0.939393939393939,5.45,0.872340425531915
"Sepal.Width",0,1,0.909090909090909,3.35,0.808510638297872
"Petal.Width",47,-1,16.2769074896734,1.75,0
"Petal.Length",47,-1,13.132998065764,4.85,0
"Sepal.Length",47,-1,3.26379779235322,5.95,0
"Sepal.Width",47,-1,0.864840629330722,2.95,0
"Petal.Length",0,-1,0.851063829787234,4.75,0.666666666666667
"Sepal.Length",0,-1,0.702127659574468,6.2,0.333333333333333
"Sepal.Width",0,-1,0.680851063829787,2.95,0.285714285714286
"Sepal.Length",26,1,1.62769230769231,5,0
"Sepal.Width",26,1,1.62769230769231,2.25,0
"Petal.Length",26,-1,1.62769230769231,5.35,0
"Petal.Width",26,-1,0.692307692307693,1.35,0
"Sepal.Width",25,1,1.76333333333333,2.25,0
"Petal.Length",25,-1,1.76333333333333,5.35,0
"Sepal.Length",25,-1,0.346666666666666,5.9,0
"Petal.Width",25,-1,0.346666666666666,1.35,0
"Petal.Length",24,-1,1.91666666666667,5.35,0
"Sepal.Length",24,-1,0.138888888888888,6.05,0
"Sepal.Width",24,1,0.138888888888888,2.65,0
"Petal.Width",24,-1,0.0984848484848473,1.35,0
"Petal.Length",21,-1,0.904761904761906,4.85,0
"Sepal.Length",21,-1,0.304761904761905,5.95,0
"Sepal.Width",21,1,0.304761904761905,3.15,0
"Petal.Width",21,-1,0.304761904761905,1.85,0
"Sepal.Length",2,-1,1,5.95,0
"Sepal.Width",2,1,1,3.1,0
