"","count","ncat","improve","index","adj"
"Petal.Length",99,-1,37.475935828877,2.7,0
"Petal.Width",99,-1,37.475935828877,0.8,0
"Sepal.Length",99,-1,31.6454916512059,5.45,0
"Sepal.Width",99,1,26.5363636363636,3.35,0
"Petal.Width",0,-1,1,0.8,1
"Sepal.Length",0,-1,0.95959595959596,5.45,0.916666666666667
"Sepal.Width",0,1,0.919191919191919,3.35,0.833333333333333
"Petal.Width",51,-1,20.9558823529412,1.65,0
"Petal.Length",51,-1,19.1384842338189,4.8,0
"Sepal.Length",51,-1,4.84252831567409,6.25,0
"Sepal.Width",51,-1,0.560133365086926,3.05,0
"Petal.Length",0,-1,0.901960784313726,4.8,0.736842105263158
"Sepal.Length",0,-1,0.745098039215686,6.35,0.315789473684211
"Sepal.Width",0,-1,0.647058823529412,3.05,0.0526315789473685
"Petal.Length",32,-1,2.41666666666667,5,0
"Sepal.Width",32,1,0.365384615384615,2.85,0
"Sepal.Length",32,-1,0.321428571428571,6.05,0
"Petal.Width",32,-1,0.194444444444444,1.35,0
"Sepal.Length",3,-1,1.33333333333333,6.05,0
"Petal.Width",3,1,1.33333333333333,1.55,0
"Sepal.Width",3,1,0.333333333333333,2.65,0
"Petal.Length",3,-1,0.333333333333333,5.35,0
