"","count","ncat","improve","index","adj"
"Petal.Length",99,-1,32.8979797979798,4.85,0
"Petal.Width",99,-1,31.3407627293342,1.75,0
"Sepal.Length",99,-1,21.9795511677865,5.75,0
"Sepal.Width",99,1,14.7070707070707,3.25,0
"Petal.Width",0,-1,0.95959595959596,1.45,0.909090909090909
"Sepal.Length",0,-1,0.878787878787879,5.75,0.727272727272727
"Sepal.Width",0,1,0.696969696969697,3.05,0.318181818181818
"Petal.Length",44,-1,21.9545454545455,2.45,0
"Petal.Width",44,-1,21.9545454545455,0.8,0
"Sepal.Width",44,1,13.8776223776224,3.25,0
"Sepal.Length",44,-1,10.2272727272727,5.45,0
"Petal.Width",0,-1,1,0.8,1
"Sepal.Width",0,1,0.886363636363636,3.05,0.761904761904762
"Sepal.Length",0,-1,0.840909090909091,5.45,0.666666666666667
"Petal.Width",55,-1,2.67272727272727,1.75,0
"Petal.Length",55,-1,1.17272727272727,5.15,0
"Sepal.Length",55,-1,0.455335968379448,7.05,0
"Sepal.Width",55,1,0.19594708696876,2.95,0
"Sepal.Width",6,1,1.5,2.65,0
"Petal.Length",6,-1,1.5,5.35,0
"Sepal.Length",6,-1,0.6,7.05,0
"Petal.Width",6,1,0.6,1.45,0
"Sepal.Length",0,1,0.833333333333333,6.4,0.5
"Petal.Width",0,1,0.833333333333333,1.55,0.5
"Sepal.Length",4,-1,1.5,7.05,0
"Petal.Length",4,-1,1.5,5.45,0
"Sepal.Width",4,-1,0.166666666666667,2.85,0
"Petal.Width",4,-1,0.166666666666667,1.55,0
