"","count","ncat","improve","index","adj"
"Petal.Length",99,-1,32.2902262057192,2.45,0
"Petal.Width",99,-1,32.2902262057192,0.75,0
"Sepal.Length",99,-1,25.7590390829828,5.45,0
"Sepal.Width",99,1,16.7791306732483,3.05,0
"Petal.Width",0,-1,1,0.75,1
"Sepal.Length",0,-1,0.95959595959596,5.45,0.857142857142857
"Sepal.Width",0,1,0.868686868686869,3.25,0.535714285714286
"Petal.Length",71,-1,23.9747106118492,4.9,0
"Petal.Width",71,-1,22.0930404228305,1.75,0
"Sepal.Length",71,-1,10.702290263319,6.25,0
"Sepal.Width",71,-1,6.50887053087757,2.45,0
"Petal.Width",0,-1,0.943661971830986,1.65,0.789473684210526
"Sepal.Length",0,-1,0.859154929577465,6.25,0.473684210526316
"Sepal.Width",0,-1,0.746478873239437,2.95,0.0526315789473684
"Petal.Width",52,-1,0.96153846153846,1.7,0
"Petal.Length",52,-1,0.628205128205126,4.75,0
"Sepal.Width",52,-1,0.0948717948717828,2.75,0
"Sepal.Length",52,-1,0.0186813186813093,6.1,0
"Petal.Length",0,-1,0.980769230769231,4.75,0.499999999999999
"Sepal.Length",2,-1,1,6.05,0
"Sepal.Width",2,1,1,3,0
"Petal.Width",19,-1,0.561403508771929,1.75,0
"Petal.Length",19,-1,0.394736842105262,5.05,0
"Sepal.Width",19,1,0.0947368421052615,2.95,0
"Sepal.Length",19,1,0.0765550239234427,6.6,0
"Sepal.Length",3,1,1.33333333333333,6.5,0
"Sepal.Width",3,1,1.33333333333333,2.9,0
"Petal.Width",3,1,1.33333333333333,1.6,0
"Petal.Length",3,-1,0.333333333333333,5.05,0
