"","count","ncat","improve","index","adj"
"Petal.Length",100,-1,33.5280432172869,4.85,0
"Petal.Width",100,-1,30.5432876712329,0.8,0
"Sepal.Length",100,-1,24.6589532389532,5.75,0
"Sepal.Width",100,1,14.1608243929983,3.35,0
"Petal.Width",0,-1,0.96,1.45,0.918367346938775
"Sepal.Length",0,-1,0.91,6.2,0.816326530612245
"Sepal.Width",0,1,0.68,3.35,0.346938775510204
"Petal.Length",49,-1,24.2448979591837,2.45,0
"Petal.Width",49,-1,24.2448979591837,0.8,0
"Sepal.Width",49,1,15.8073979591837,2.95,0
"Sepal.Length",49,-1,10.8690358902182,5.45,0
"Petal.Width",0,-1,1,0.8,1
"Sepal.Width",0,1,0.897959183673469,2.95,0.772727272727273
"Sepal.Length",0,-1,0.836734693877551,5.45,0.636363636363636
"Petal.Width",51,-1,2.21848739495799,1.75,0
"Petal.Length",51,-1,1.68961201501877,5.05,0
"Sepal.Width",51,-1,1.02483660130719,2.75,0
"Sepal.Length",51,-1,0.42433155080214,6.35,0
"Sepal.Width",0,-1,0.92156862745098,2.65,0.428571428571428
"Petal.Length",0,-1,0.901960784313726,5.05,0.285714285714286
"Petal.Length",7,-1,1.02857142857143,5.35,0
"Petal.Width",7,1,0.761904761904761,1.65,0
"Sepal.Length",7,-1,0.428571428571428,6.95,0
"Sepal.Width",7,1,0.428571428571428,2.35,0
"Petal.Width",5,1,1.06666666666667,1.55,0
"Sepal.Width",5,1,0.9,2.35,0
"Sepal.Length",5,1,0.4,6.5,0
"Petal.Length",5,-1,0.4,4.95,0
"Sepal.Width",0,1,0.8,2.6,0.5
"Petal.Length",3,-1,1.33333333333333,4.95,0
"Sepal.Length",3,1,0.333333333333333,6.15,0
"Sepal.Width",3,1,0.333333333333333,2.35,0
