"","count","ncat","improve","index","adj"
"Petal.Length",99,-1,37.1541833428626,2.45,0
"Petal.Width",99,-1,37.1541833428626,0.8,0
"Sepal.Width",99,1,27.438596932783,3.35,0
"Sepal.Length",99,-1,21.4595739434449,5.85,0
"Petal.Width",0,-1,1,0.8,1
"Sepal.Width",0,1,0.929292929292929,3.35,0.847826086956522
"Sepal.Length",0,-1,0.838383838383838,5.85,0.652173913043478
"Petal.Width",53,-1,22.1913590374624,1.65,0
"Petal.Length",53,-1,18.8291644204852,4.85,0
"Sepal.Length",53,-1,7.10345013477088,6.25,0
"Sepal.Width",53,-1,3.5377358490566,2.45,0
"Petal.Length",0,-1,0.924528301886792,4.75,0.826086956521739
"Sepal.Length",0,-1,0.754716981132076,6.15,0.434782608695652
"Sepal.Width",0,-1,0.69811320754717,2.65,0.304347826086956
"Petal.Length",23,-1,1.91304347826087,5.35,0
"Sepal.Length",23,-1,0.163043478260872,6.05,0
"Petal.Width",23,-1,0.113043478260871,1.35,0
"Sepal.Width",23,1,0.0948616600790508,2.65,0
"Petal.Length",30,-1,0.433333333333336,4.85,0
"Sepal.Width",30,1,0.266666666666667,3.15,0
"Sepal.Length",30,-1,0.219047619047617,5.95,0
"Petal.Width",30,-1,0.115151515151512,1.85,0
"Sepal.Width",4,1,1.5,3.1,0
"Sepal.Length",4,-1,0.5,5.95,0
"Petal.Length",4,1,0.166666666666667,4.65,0
"Petal.Width",4,1,0.166666666666667,1.75,0
