"","count","ncat","improve","index","adj"
"Petal.Width",99,-1,31.5684930942074,1.75,0
"Petal.Length",99,-1,30.0713804713805,4.75,0
"Sepal.Length",99,-1,18.9917274005882,5.45,0
"Sepal.Width",99,1,10.6125043538837,3.35,0
"Petal.Length",0,-1,0.94949494949495,4.75,0.897959183673469
"Sepal.Length",0,-1,0.838383838383838,6.15,0.673469387755102
"Sepal.Width",0,1,0.656565656565657,2.85,0.306122448979592
"Petal.Length",50,-1,21.84,2.7,0
"Petal.Width",50,-1,21.84,0.75,0
"Sepal.Length",50,-1,16.34,5.45,0
"Sepal.Width",50,1,9.77174603174603,3.25,0
"Petal.Width",0,-1,1,0.75,1
"Sepal.Length",0,-1,0.92,5.45,0.8
"Sepal.Width",0,1,0.84,3.05,0.6
"Petal.Length",30,-1,2.14074074074074,5.05,0
"Sepal.Length",30,1,1.67586206896552,5.15,0
"Petal.Width",30,-1,0.685714285714286,1.65,0
"Sepal.Width",30,1,0.399999999999999,2.85,0
"Sepal.Length",27,1,1.92592592592593,5.15,0
"Petal.Width",27,-1,0.925925925925927,1.65,0
"Sepal.Width",27,1,0.211640211640213,2.55,0
"Petal.Length",27,-1,0.0925925925925937,4.45,0
"Sepal.Length",3,-1,1.33333333333333,6.05,0
"Petal.Width",3,1,1.33333333333333,1.55,0
"Sepal.Width",3,1,0.333333333333333,2.65,0
"Petal.Length",3,-1,0.333333333333333,5.35,0
"Sepal.Length",49,-1,0.459183673469389,5.95,0
"Sepal.Width",49,1,0.359183673469389,3.15,0
"Petal.Length",49,-1,0.0332577475434614,4.85,0
"Petal.Width",49,-1,0.0216836734693886,1.85,0
"Sepal.Length",4,1,1.5,5.85,0
"Sepal.Width",4,1,1.5,3,0
"Petal.Length",4,-1,1.5,4.85,0
"Petal.Width",4,-1,1.5,1.85,0
