"","count","ncat","improve","index","adj"
"Petal.Length",100,-1,37.635652173913,2.45,0
"Petal.Width",100,-1,37.635652173913,0.75,0
"Sepal.Length",100,-1,30.2223337413301,5.55,0
"Sepal.Width",100,1,20.8127858293076,3.35,0
"Petal.Width",0,-1,1,0.75,1
"Sepal.Length",0,-1,0.95,5.55,0.891304347826087
"Sepal.Width",0,1,0.86,3.25,0.695652173913043
"Petal.Width",46,-1,18.4836850580558,1.75,0
"Petal.Length",46,-1,14.3876811594203,4.75,0
"Sepal.Length",46,-1,4.75434782608696,6.85,0
"Sepal.Width",46,-1,3.48284244974287,2.75,0
"Petal.Length",0,-1,0.891304347826087,4.75,0.736842105263158
"Sepal.Width",0,-1,0.739130434782609,3.05,0.368421052631579
"Sepal.Length",0,-1,0.717391304347826,6.85,0.31578947368421
"Sepal.Width",27,1,0.592592592592594,2.25,0
"Petal.Length",27,-1,0.592592592592594,4.95,0
"Petal.Width",27,-1,0.125925925925927,1.45,0
"Sepal.Length",27,1,0.0592592592592607,6.05,0
"Petal.Length",3,-1,1.33333333333333,4.75,0
"Sepal.Length",3,1,0.333333333333333,6.1,0
"Petal.Width",3,-1,0.333333333333333,1.25,0
"Petal.Length",19,-1,0.561403508771931,4.85,0
"Sepal.Length",19,-1,0.394736842105264,5.95,0
"Petal.Width",19,-1,0.294736842105264,1.85,0
"Sepal.Width",19,1,0.144736842105264,3.15,0
"Petal.Width",0,-1,0.894736842105263,1.85,0.333333333333334
"Sepal.Length",3,-1,1.33333333333333,5.95,0
"Sepal.Width",3,1,1.33333333333333,3.1,0
