"","count","ncat","improve","index","adj"
"Petal.Width",99,-1,34.528749028749,1.7,0
"Petal.Length",99,-1,32.9376856803327,4.95,0
"Sepal.Length",99,-1,22.0616161616162,6.15,0
"Sepal.Width",99,1,11.7752525252525,3.45,0
"Petal.Length",0,-1,0.94949494949495,4.95,0.893617021276596
"Sepal.Length",0,-1,0.858585858585859,6.15,0.702127659574468
"Sepal.Width",0,1,0.717171717171717,2.55,0.404255319148936
"Petal.Length",52,-1,23.5272952853598,2.6,0
"Petal.Width",52,-1,23.5272952853598,0.8,0
"Sepal.Length",52,-1,14.8874125874126,5.45,0
"Sepal.Width",52,1,11.0241857241857,3.35,0
"Petal.Width",0,-1,1,0.8,1
"Sepal.Length",0,-1,0.903846153846154,5.45,0.761904761904762
"Sepal.Width",0,1,0.846153846153846,3.35,0.619047619047619
"Petal.Length",31,-1,2.40860215053764,5,0
"Sepal.Length",31,-1,1.80860215053764,7.05,0
"Petal.Width",31,-1,0.469208211143697,1.45,0
"Sepal.Width",31,-1,0.14193548387097,2.75,0
"Sepal.Length",3,-1,1.33333333333333,6.15,0
"Sepal.Width",3,-1,1.33333333333333,2.75,0
"Petal.Length",3,-1,0.333333333333333,5.45,0
"Petal.Width",3,1,0.333333333333333,1.55,0
