"","count","ncat","improve","index","adj"
"Petal.Length",100,-1,29.94,2.45,0
"Petal.Width",100,-1,29.94,0.8,0
"Sepal.Width",100,1,22.5165384615385,2.95,0
"Sepal.Length",100,-1,19.4934920634921,5.55,0
"Petal.Width",0,-1,1,0.8,1
"Sepal.Length",0,-1,0.93,5.45,0.72
"Sepal.Width",0,1,0.89,3.35,0.56
"Petal.Length",75,-1,26.5878260869565,4.9,0
"Petal.Width",75,-1,26.3722751322751,1.75,0
"Sepal.Length",75,-1,13.9858193979933,6.35,0
"Sepal.Width",75,-1,11.4624080267559,2.95,0
"Petal.Width",0,-1,0.973333333333333,1.55,0.91304347826087
"Sepal.Length",0,-1,0.866666666666667,6.35,0.565217391304348
"Sepal.Width",0,-1,0.84,2.95,0.478260869565217
"Petal.Width",23,-1,2.31884057971015,1.75,0
"Petal.Length",23,-1,1.25217391304348,5.15,0
"Sepal.Length",23,-1,0.747412008281574,6.15,0
"Sepal.Width",23,-1,0.418840579710145,2.75,0
"Sepal.Length",3,-1,1.33333333333333,6.95,0
"Petal.Length",3,-1,1.33333333333333,5.45,0
"Sepal.Width",3,-1,0.333333333333333,2.85,0
"Petal.Width",3,1,0.333333333333333,1.65,0
