"","count","ncat","improve","index","adj"
"Petal.Length",100,-1,37.4902040816327,2.5,0
"Petal.Width",100,-1,37.4902040816327,0.8,0
"Sepal.Length",100,-1,30.5,5.45,0
"Sepal.Width",100,1,20.0768387354942,3.15,0
"Petal.Width",0,-1,1,0.8,1
"Sepal.Length",0,-1,0.95,5.45,0.897959183673469
"Sepal.Width",0,1,0.86,3.15,0.714285714285714
"Petal.Width",49,-1,19.156462585034,1.7,0
"Petal.Length",49,-1,18.8931292517007,4.95,0
"Sepal.Length",49,-1,5.73979591836735,5.75,0
"Sepal.Width",49,-1,3.55956336022781,2.45,0
"Petal.Length",0,-1,0.877551020408163,4.95,0.727272727272727
"Sepal.Length",0,-1,0.714285714285714,6.45,0.363636363636364
"Sepal.Width",0,-1,0.693877551020408,2.95,0.318181818181818
"Petal.Length",27,-1,3.83333333333333,5,0
"Sepal.Length",27,-1,1.64102564102564,7.05,0
"Petal.Width",27,-1,0.833333333333334,1.35,0
"Sepal.Width",27,-1,0.233333333333334,2.55,0
"Petal.Width",0,-1,0.925925925925926,1.55,0.5
"Sepal.Length",4,-1,1.5,6.05,0
"Sepal.Width",4,-1,0.5,2.75,0
"Petal.Length",4,-1,0.5,5.35,0
"Petal.Width",4,1,0.5,1.55,0
