"","count","ncat","improve","index","adj"
"Petal.Width",99,-1,31.3576203208556,1.65,0
"Petal.Length",99,-1,26.2244755244755,4.45,0
"Sepal.Width",99,1,11.9775119617225,3.25,0
"Sepal.Length",99,-1,7.27398886827457,5.45,0
"Petal.Length",0,-1,0.909090909090909,4.45,0.8125
"Sepal.Width",0,1,0.666666666666667,2.55,0.3125
"Sepal.Length",0,1,0.646464646464647,4.95,0.270833333333333
"Petal.Length",48,-1,22.0046296296296,2.6,0
"Petal.Width",48,-1,22.0046296296296,0.75,0
"Sepal.Length",48,-1,13.625,5.45,0
"Sepal.Width",48,1,13.4654761904762,3.05,0
"Petal.Width",0,-1,1,0.75,1
"Sepal.Length",0,-1,0.895833333333333,5.45,0.761904761904762
"Sepal.Width",0,1,0.895833333333333,3.05,0.761904761904762
"Petal.Length",27,-1,2.37037037037037,4.95,0
"Sepal.Length",27,-1,1.78062678062678,7,0
"Petal.Width",27,-1,0.846560846560847,1.45,0
"Sepal.Width",27,-1,0.275132275132275,2.75,0
"Petal.Width",0,-1,0.925925925925926,1.55,0.333333333333334
"Sepal.Length",3,-1,1.33333333333333,6.15,0
"Sepal.Width",3,-1,1.33333333333333,2.75,0
"Petal.Length",3,-1,0.333333333333333,5.45,0
"Petal.Width",3,1,0.333333333333333,1.55,0
"Sepal.Width",51,1,0.24313725490196,2.9,0
"Sepal.Length",51,1,0.19096334185848,5.85,0
"Petal.Length",51,1,0.150829562594268,4.65,0
"Petal.Width",51,-1,0.10120177103099,1.85,0
"Sepal.Length",0,1,0.941176470588235,5.85,0.85
"Petal.Length",0,1,0.882352941176471,4.65,0.7
"Petal.Width",0,1,0.862745098039216,1.75,0.65
"Sepal.Length",20,-1,1.70526315789474,5.95,0
"Petal.Width",20,-1,1.70526315789474,1.75,0
"Petal.Length",20,-1,1.6,5.05,0
"Sepal.Width",20,-1,0.070588235294117,3.25,0
"Petal.Width",19,-1,1.89473684210526,1.75,0
"Petal.Length",19,-1,0.561403508771931,5.05,0
"Sepal.Length",19,1,0.0765550239234456,6.6,0
"Sepal.Width",19,-1,0.0765550239234456,3.05,0
