"","count","ncat","improve","index","adj"
"Petal.Length",99,-1,28.8258585858586,2.45,0
"Petal.Width",99,-1,28.8258585858586,0.8,0
"Sepal.Width",99,1,16.3678859490427,3.05,0
"Sepal.Length",99,-1,10.8346362677683,5.75,0
"Petal.Width",0,-1,1,0.8,1
"Sepal.Width",0,1,0.878787878787879,3.05,0.5
"Sepal.Length",0,-1,0.848484848484849,4.85,0.375
"Petal.Length",75,-1,23.6079130931961,4.85,0
"Petal.Width",75,-1,23.6079130931961,1.65,0
"Sepal.Length",75,-1,10.3579137031769,5.75,0
"Sepal.Width",75,-1,7.20330400782014,2.45,0
"Petal.Width",0,-1,0.92,1.65,0.727272727272727
"Sepal.Length",0,-1,0.866666666666667,6.15,0.545454545454546
"Sepal.Width",0,-1,0.733333333333333,3.25,0.0909090909090907
"Petal.Width",53,-1,2.51572327044025,1.65,0
"Sepal.Length",53,1,0.888272290048092,4.95,0
"Petal.Length",53,-1,0.555723270440254,4.75,0
"Sepal.Width",53,-1,0.196882690730112,2.45,0
"Petal.Length",0,-1,0.962264150943396,4.75,0.333333333333333
"Sepal.Width",3,1,1.33333333333333,3.1,0
"Sepal.Length",3,-1,0.333333333333333,5.95,0
"Petal.Length",3,1,0.333333333333333,4.65,0
"Petal.Width",3,1,0.333333333333333,1.75,0
"Petal.Width",22,-1,1.63636363636364,1.75,0
"Petal.Length",22,-1,1.23636363636364,5.05,0
"Sepal.Width",22,-1,0.247474747474748,2.6,0
"Sepal.Length",22,-1,0.106951871657757,6.9,0
"Petal.Length",0,-1,0.863636363636364,5.05,0.25
"Sepal.Length",4,1,0.666666666666667,6.5,0
"Sepal.Width",4,1,0.666666666666667,2.9,0
"Petal.Width",4,1,0.666666666666667,1.6,0
"Petal.Length",4,-1,0.666666666666667,5.05,0
"Petal.Length",3,-1,1.33333333333333,4.95,0
"Sepal.Width",3,-1,0.333333333333333,2.65,0
"Sepal.Length",3,1,0.333333333333333,6.15,0
