"","count","ncat","improve","index","adj"
"Petal.Length",99,-1,36.9626701800615,2.45,0
"Petal.Width",99,-1,36.9626701800615,0.7,0
"Sepal.Length",99,-1,27.7117845117845,5.45,0
"Sepal.Width",99,1,15.6877104377104,2.95,0
"Petal.Width",0,-1,1,0.7,1
"Sepal.Length",0,-1,0.929292929292929,5.45,0.847826086956522
"Sepal.Width",0,1,0.787878787878788,2.95,0.543478260869565
"Petal.Width",46,-1,21.0434782608696,1.7,0
"Petal.Length",46,-1,19.2642140468227,4.75,0
"Sepal.Length",46,-1,6.21747412008282,6.15,0
"Sepal.Width",46,-1,3.68729096989967,2.95,0
"Petal.Length",0,-1,0.934782608695652,4.75,0.869565217391304
"Sepal.Length",0,-1,0.782608695652174,6.15,0.565217391304348
"Sepal.Width",0,-1,0.717391304347826,2.95,0.434782608695652
"Petal.Length",23,-1,1.91304347826087,4.95,0
"Sepal.Width",23,1,0.913043478260869,2.25,0
"Petal.Width",23,-1,0.246376811594202,1.45,0
"Sepal.Length",23,-1,0.0948616600790504,5.9,0
