"","count","ncat","improve","index","adj"
"Petal.Width",99,-1,32.741019713128,1.75,0
"Petal.Length",99,-1,32.7014260249554,4.85,0
"Sepal.Length",99,-1,22.8614718614719,5.45,0
"Sepal.Width",99,1,12.0953984287318,3.25,0
"Petal.Length",0,-1,0.94949494949495,4.75,0.891304347826087
"Sepal.Length",0,-1,0.848484848484849,6.15,0.673913043478261
"Sepal.Width",0,-1,0.636363636363636,3.05,0.217391304347826
"Petal.Length",53,-1,24.4176100628931,2.7,0
"Petal.Width",53,-1,24.4176100628931,0.75,0
"Sepal.Length",53,-1,19.0160460355226,5.45,0
"Sepal.Width",53,1,11.4089144107192,3.05,0
"Petal.Width",0,-1,1,0.75,1
"Sepal.Length",0,-1,0.943396226415094,5.45,0.869565217391304
"Sepal.Width",0,1,0.849056603773585,3.05,0.652173913043478
"Sepal.Width",30,1,1.80229885057471,2.25,0
"Petal.Length",30,-1,1.80229885057471,5.35,0
"Petal.Width",30,-1,0.348717948717948,1.35,0
"Sepal.Length",30,-1,0.177777777777777,5.9,0
"Petal.Length",29,-1,1.93103448275862,5.35,0
"Sepal.Width",29,1,0.18103448275862,2.65,0
"Petal.Width",29,-1,0.0977011494252862,1.35,0
"Sepal.Length",29,-1,0.0738916256157629,6.05,0
"Petal.Length",46,-1,0.956521739130434,4.85,0
"Sepal.Length",46,-1,0.456521739130434,6,0
"Sepal.Width",46,1,0.356521739130434,3.15,0
"Petal.Width",46,-1,0.206521739130434,1.85,0
"Sepal.Length",2,-1,1,6.05,0
"Sepal.Width",2,1,1,3,0
