"","count","ncat","improve","index","adj"
"Petal.Length",99,-1,34.7032699880157,4.75,0
"Petal.Width",99,-1,34.040404040404,1.7,0
"Sepal.Length",99,-1,28.5654634879987,5.55,0
"Sepal.Width",99,1,9.14568881586954,3.35,0
"Petal.Width",0,-1,0.96969696969697,1.45,0.925
"Sepal.Length",0,-1,0.898989898989899,5.75,0.75
"Sepal.Width",0,1,0.707070707070707,3.05,0.275
"Petal.Length",40,-1,18.2,2.45,0
"Petal.Width",40,-1,18.2,0.7,0
"Sepal.Length",40,-1,12.8133333333333,5.45,0
"Sepal.Width",40,1,8.06666666666667,2.95,0
"Petal.Width",0,-1,1,0.7,1
"Sepal.Length",0,-1,0.925,5.45,0.785714285714286
"Sepal.Width",0,1,0.85,2.95,0.571428571428571
"Petal.Width",59,-1,1.86440677966102,1.65,0
"Sepal.Width",59,-1,0.400770416024655,2.55,0
"Sepal.Length",59,1,0.184406779661019,6.25,0
"Petal.Length",59,-1,0.122471295790049,4.95,0
"Petal.Length",4,-1,2,4.95,0
"Sepal.Length",4,1,0.666666666666667,6.15,0
"Sepal.Width",4,1,0.666666666666667,2.35,0
