"","count","ncat","improve","index","adj"
"Petal.Length",99,-1,36.969696969697,2.35,0
"Petal.Width",99,-1,36.969696969697,0.75,0
"Sepal.Length",99,-1,29.9919191919192,5.45,0
"Sepal.Width",99,1,17.7464646464646,3.35,0
"Petal.Width",0,-1,1,0.75,1
"Sepal.Length",0,-1,0.94949494949495,5.45,0.888888888888889
"Sepal.Width",0,1,0.838383838383838,3.25,0.644444444444444
"Petal.Length",45,-1,18.4022222222222,4.85,0
"Petal.Width",45,-1,16.6865079365079,1.75,0
"Sepal.Length",45,-1,5.62303193882141,6.25,0
"Sepal.Width",45,-1,2.710027100271,2.45,0
"Petal.Width",0,-1,0.933333333333333,1.6,0.85
"Sepal.Length",0,-1,0.8,6.25,0.55
"Sepal.Width",0,-1,0.711111111111111,2.75,0.35
"Sepal.Length",20,1,0.900000000000001,5,0
"Petal.Width",20,-1,0.900000000000001,1.6,0
"Sepal.Width",20,1,0.233333333333334,2.55,0
"Petal.Length",20,-1,0.100000000000001,4.45,0
"Sepal.Width",2,-1,1,2.45,0
"Petal.Length",2,-1,1,3.9,0
"Petal.Width",2,-1,1,1.35,0
"Petal.Width",25,-1,0.920000000000001,1.75,0
"Petal.Length",25,-1,0.586666666666667,5.05,0
"Sepal.Length",25,1,0.0866666666666673,6.6,0
"Sepal.Width",25,1,0.0450000000000008,2.95,0
"Sepal.Length",2,1,1,6.5,0
"Sepal.Width",2,1,1,2.9,0
"Petal.Length",2,-1,1,5.05,0
"Petal.Width",2,1,1,1.6,0
