"","count","ncat","improve","index","adj"
"Petal.Length",100,-1,37.4244444444444,2.35,0
"Petal.Width",100,-1,37.4244444444444,0.8,0
"Sepal.Length",100,-1,30.7020611916264,5.45,0
"Sepal.Width",100,1,20.2502791461412,3.15,0
"Petal.Width",0,-1,1,0.8,1
"Sepal.Length",0,-1,0.95,5.45,0.888888888888889
"Sepal.Width",0,1,0.87,3.15,0.711111111111111
"Petal.Length",45,-1,20.0555555555556,4.95,0
"Petal.Width",45,-1,18.3365079365079,1.55,0
"Sepal.Length",45,-1,6.14603174603175,6.35,0
"Sepal.Width",45,-1,2.70956625074272,2.55,0
"Petal.Width",0,-1,0.933333333333333,1.55,0.85
"Sepal.Length",0,-1,0.777777777777778,6.35,0.5
"Sepal.Width",0,-1,0.666666666666667,2.55,0.25
"Petal.Width",20,-1,1.9,1.75,0
"Petal.Length",20,-1,0.900000000000001,4.8,0
"Sepal.Length",20,1,0.122222222222223,5.7,0
"Sepal.Width",20,-1,0.100000000000001,2.75,0
