"","count","ncat","improve","index","adj"
"Petal.Length",100,-1,36.6670908363345,4.85,0
"Petal.Width",100,-1,36.6670908363345,1.75,0
"Sepal.Length",100,-1,28.47125,5.55,0
"Sepal.Width",100,1,6.91970573313039,2.95,0
"Petal.Width",0,-1,0.99,1.6,0.979591836734694
"Sepal.Length",0,-1,0.89,6.25,0.775510204081633
"Sepal.Width",0,-1,0.66,3.55,0.306122448979592
"Petal.Length",51,-1,24.3137254901961,2.45,0
"Petal.Width",51,-1,24.3137254901961,0.7,0
"Sepal.Length",51,-1,15.297278121775,5.45,0
"Sepal.Width",51,1,12.2549019607843,2.95,0
"Petal.Width",0,-1,1,0.7,1
"Sepal.Length",0,-1,0.901960784313726,5.45,0.75
"Sepal.Width",0,1,0.862745098039216,2.95,0.65
"Petal.Width",49,-1,1.95918367346939,1.75,0
"Petal.Length",49,-1,0.359183673469389,5.05,0
"Sepal.Width",49,-1,0.076830732292918,3.05,0
"Sepal.Length",49,-1,0.0702947845804993,6.75,0
