"","count","ncat","improve","index","adj"
"Petal.Length",100,-1,31.1202739726027,2.5,0
"Petal.Width",100,-1,31.1202739726027,0.75,0
"Sepal.Length",100,-1,22.4333130390665,5.45,0
"Sepal.Width",100,1,13.5791078963231,3.35,0
"Petal.Width",0,-1,1,0.75,1
"Sepal.Length",0,-1,0.94,5.45,0.777777777777778
"Sepal.Width",0,1,0.86,3.35,0.481481481481481
"Petal.Width",73,-1,25.0730593607306,1.75,0
"Petal.Length",73,-1,22.0613926940639,4.75,0
"Sepal.Length",73,-1,7.52919971160778,6.35,0
"Sepal.Width",73,1,2.70487754254878,3.15,0
"Petal.Length",0,-1,0.917808219178082,4.75,0.684210526315789
"Sepal.Length",0,-1,0.808219178082192,6.35,0.263157894736842
"Sepal.Width",0,-1,0.767123287671233,3.35,0.105263157894737
"Petal.Length",54,-1,3.7051282051282,5.05,0
"Sepal.Length",54,-1,1.81761006289308,7.1,0
"Petal.Width",54,-1,0.820512820512823,1.65,0
"Sepal.Width",54,1,0.416666666666668,3.05,0
"Sepal.Length",52,1,0.961538461538463,4.95,0
"Petal.Width",52,-1,0.961538461538463,1.65,0
"Sepal.Width",52,1,0.211538461538463,2.55,0
"Petal.Length",52,1,0.0668016194331993,4.55,0
"Sepal.Width",2,-1,1,2.45,0
"Petal.Length",2,-1,1,3.9,0
"Petal.Width",2,-1,1,1.35,0
