"","count","ncat","improve","index","adj"
"Petal.Length",100,-1,37.635,2.6,0
"Petal.Width",100,-1,37.635,0.7,0
"Sepal.Length",100,-1,28.2186511441188,5.45,0
"Sepal.Width",100,1,20.9690909090909,3.35,0
"Petal.Width",0,-1,1,0.7,1
"Sepal.Length",0,-1,0.93,5.45,0.854166666666667
"Sepal.Width",0,1,0.87,3.35,0.729166666666667
"Petal.Width",48,-1,21.7159090909091,1.6,0
"Petal.Length",48,-1,18.0655594405594,4.85,0
"Sepal.Width",48,-1,4.33928571428572,2.45,0
"Sepal.Length",48,-1,3.31973684210526,5.75,0
"Petal.Length",0,-1,0.916666666666667,4.75,0.818181818181818
"Sepal.Length",0,-1,0.666666666666667,5.75,0.272727272727273
"Sepal.Width",0,-1,0.666666666666667,2.45,0.272727272727273
"Petal.Length",22,-1,1.90909090909091,5,0
"Petal.Width",22,-1,0.242424242424242,1.45,0
"Sepal.Length",22,-1,0.13131313131313,6.25,0
"Sepal.Width",22,1,0.0757575757575748,2.85,0
