"","count","ncat","improve","index","adj"
"Petal.Length",99,-1,28.6319191919192,2.35,0
"Petal.Width",99,-1,28.6319191919192,0.7,0
"Sepal.Length",99,-1,17.725453732496,5.45,0
"Sepal.Width",99,1,15.4434343434343,2.95,0
"Petal.Width",0,-1,1,0.7,1
"Sepal.Length",0,-1,0.919191919191919,5.35,0.666666666666667
"Sepal.Width",0,1,0.858585858585859,3.35,0.416666666666667
"Petal.Width",75,-1,24.3219047619048,1.65,0
"Petal.Length",75,-1,23.1649188906332,4.75,0
"Sepal.Length",75,-1,12.3598986828774,6.15,0
"Sepal.Width",75,-1,7.43245139876718,2.55,0
"Petal.Length",0,-1,0.906666666666667,4.75,0.666666666666667
"Sepal.Length",0,-1,0.8,6.15,0.285714285714286
"Sepal.Width",0,-1,0.76,3.05,0.142857142857143
"Petal.Length",54,-1,4.16666666666667,4.95,0
"Sepal.Length",54,-1,1.81761006289308,7.1,0
"Petal.Width",54,-1,1.46666666666667,1.45,0
"Sepal.Width",54,1,0.326666666666666,2.25,0
"Petal.Width",0,-1,0.944444444444444,1.55,0.25
"Sepal.Length",4,-1,0.5,6.15,0
"Sepal.Width",4,-1,0.5,2.75,0
"Petal.Width",4,1,0.5,1.55,0
"Petal.Length",4,1,0.166666666666667,5.05,0
"Sepal.Width",0,-1,1,2.75,1
"Sepal.Width",2,1,1,2.45,0
"Petal.Length",2,1,1,5.05,0
"Petal.Width",2,1,1,1.55,0
"Sepal.Length",21,-1,0.571428571428572,5.95,0
"Petal.Length",21,-1,0.404761904761906,4.85,0
"Sepal.Width",21,1,0.238095238095239,3.15,0
"Petal.Width",21,-1,0.126984126984127,1.85,0
"Sepal.Length",3,1,1.33333333333333,5.75,0
"Sepal.Width",3,1,1.33333333333333,3,0
"Petal.Length",3,1,0.333333333333333,4.65,0
"Petal.Width",3,1,0.333333333333333,1.75,0
