"","count","ncat","improve","index","adj"
"Petal.Width",100,-1,33.0113528703332,1.75,0
"Petal.Length",100,-1,30.1406060606061,4.85,0
"Sepal.Length",100,-1,20.2133333333333,6.15,0
"Sepal.Width",100,1,10.8002380952381,3.35,0
"Petal.Length",0,-1,0.95,4.75,0.893617021276596
"Sepal.Length",0,-1,0.87,6.15,0.723404255319149
"Sepal.Width",0,1,0.68,2.75,0.319148936170213
"Petal.Length",47,-1,21.4026792750197,2.5,0
"Petal.Width",47,-1,21.4026792750197,0.7,0
"Sepal.Length",47,-1,12.8879921741257,5.15,0
"Sepal.Width",47,1,11.0475594493116,3.35,0
"Petal.Width",0,-1,1,0.7,1
"Sepal.Length",0,-1,0.872340425531915,5.15,0.7
"Sepal.Width",0,1,0.851063829787234,3.15,0.65
"Sepal.Length",27,1,1.78062678062678,4.95,0
"Petal.Length",27,-1,1.78062678062678,5.35,0
"Sepal.Width",27,1,1.3037037037037,2.65,0
"Petal.Width",27,-1,0.783703703703703,1.65,0
"Petal.Length",26,-1,1.92307692307692,5.35,0
"Sepal.Width",26,1,0.423076923076922,2.65,0
"Petal.Width",26,-1,0.0769230769230766,1.35,0
"Sepal.Length",26,-1,0.0659340659340657,6.05,0
"Petal.Length",53,-1,0.962264150943396,4.85,0
"Sepal.Length",53,-1,0.628930817610063,6.05,0
"Sepal.Width",53,1,0.184486373165618,3.15,0
"Petal.Width",53,-1,0.0228702115494577,1.85,0
"Sepal.Length",2,-1,1,6.05,0
"Sepal.Width",2,1,1,3,0
