"","count","ncat","improve","index","adj"
"Petal.Length",99,-1,34.3955635104117,4.75,0
"Petal.Width",99,-1,32.8249927849928,1.75,0
"Sepal.Length",99,-1,24.9857617384951,5.95,0
"Sepal.Width",99,1,10.4105997361811,3.45,0
"Petal.Width",0,-1,0.97979797979798,1.65,0.956521739130435
"Sepal.Length",0,-1,0.898989898989899,5.85,0.782608695652174
"Sepal.Width",0,1,0.646464646464647,3.45,0.239130434782609
"Petal.Length",46,-1,22.8260869565217,2.7,0
"Petal.Width",46,-1,22.8260869565217,0.75,0
"Sepal.Length",46,-1,15.695652173913,5.45,0
"Sepal.Width",46,1,11.3510869565217,2.95,0
"Petal.Width",0,-1,1,0.75,1
"Sepal.Length",0,-1,0.91304347826087,5.45,0.809523809523809
"Sepal.Width",0,1,0.847826086956522,2.95,0.666666666666667
"Petal.Length",53,-1,1.18238993710692,5.05,0
"Petal.Width",53,-1,0.649056603773584,1.85,0
"Sepal.Length",53,-1,0.55572327044025,5.95,0
"Sepal.Width",53,-1,0.145352900069881,3.3,0
"Sepal.Length",0,-1,0.962264150943396,6.15,0.666666666666667
"Sepal.Width",0,-1,0.905660377358491,2.55,0.166666666666667
"Petal.Width",0,-1,0.905660377358491,1.75,0.166666666666667
"Sepal.Length",6,1,1.06666666666667,6.4,0
"Sepal.Width",6,1,1.06666666666667,3.1,0
"Petal.Width",6,1,0.266666666666667,1.6,0
"Petal.Length",6,-1,0.166666666666667,4.85,0
"Sepal.Width",5,1,1.6,3.1,0
"Sepal.Length",5,-1,0.6,5.95,0
"Petal.Length",5,-1,0.6,4.85,0
"Petal.Width",5,1,0.1,1.65,0
