"","count","ncat","improve","index","adj"
"Petal.Length",100,-1,34.5313043478261,2.45,0
"Petal.Width",100,-1,34.5313043478261,0.8,0
"Sepal.Length",100,-1,26.4083823529412,5.45,0
"Sepal.Width",100,1,21.9238756677999,3.15,0
"Petal.Width",0,-1,1,0.8,1
"Sepal.Length",0,-1,0.95,5.45,0.838709677419355
"Sepal.Width",0,1,0.9,3.15,0.67741935483871
"Petal.Length",69,-1,24.7139588100687,4.85,0
"Petal.Width",69,-1,20.9420289855072,1.55,0
"Sepal.Length",69,-1,6.47808340727595,6.25,0
"Sepal.Width",69,-1,3.38791643139469,2.95,0
"Petal.Width",0,-1,0.956521739130435,1.45,0.842105263157895
"Sepal.Length",0,-1,0.826086956521739,6.85,0.368421052631579
"Sepal.Width",0,-1,0.782608695652174,2.95,0.210526315789474
"Petal.Length",19,-1,0.561403508771929,4.95,0
"Petal.Width",19,-1,0.394736842105262,1.55,0
"Sepal.Width",19,1,0.228070175438597,3.05,0
"Sepal.Length",19,1,0.144736842105261,6.8,0
"Sepal.Length",3,1,1.33333333333333,6.6,0
"Sepal.Width",3,1,1.33333333333333,2.95,0
"Petal.Width",3,-1,1.33333333333333,1.65,0
