"","count","ncat","improve","index","adj"
"Petal.Width",100,-1,34.4716666666667,1.65,0
"Petal.Length",100,-1,33.2587878787879,4.75,0
"Sepal.Length",100,-1,23.9397007947639,5.55,0
"Sepal.Width",100,1,13.2378297595842,3.35,0
"Petal.Length",0,-1,0.95,4.75,0.895833333333333
"Sepal.Length",0,-1,0.81,5.55,0.604166666666667
"Sepal.Width",0,1,0.67,2.85,0.3125
"Petal.Length",48,-1,22.0561594202899,2.45,0
"Petal.Width",48,-1,22.0561594202899,0.7,0
"Sepal.Width",48,1,16.7511904761905,2.95,0
"Sepal.Length",48,-1,13.4915501165501,5.45,0
"Petal.Width",0,-1,1,0.7,1
"Sepal.Width",0,1,0.9375,2.95,0.869565217391304
"Sepal.Length",0,-1,0.895833333333333,5.45,0.782608695652174
"Petal.Length",23,-1,2.31884057971015,4.95,0
"Petal.Width",23,-1,0.452173913043479,1.35,0
"Sepal.Length",23,-1,0.379446640316207,6.05,0
"Sepal.Width",23,1,0.152173913043479,2.85,0
"Sepal.Length",3,-1,1.33333333333333,6.05,0
"Petal.Width",3,1,1.33333333333333,1.55,0
"Sepal.Width",3,1,0.333333333333333,2.65,0
"Petal.Length",3,-1,0.333333333333333,5.35,0
