"","count","ncat","improve","index","adj"
"Petal.Length",100,-1,35.0322199919711,4.75,0
"Petal.Width",100,-1,33.36,1.75,0
"Sepal.Length",100,-1,25.6973015873016,5.45,0
"Sepal.Width",100,1,12.1770890188434,3.35,0
"Petal.Width",0,-1,0.96,1.65,0.914893617021276
"Sepal.Length",0,-1,0.89,5.85,0.765957446808511
"Sepal.Width",0,1,0.68,3.35,0.319148936170213
"Petal.Length",47,-1,22.9787234042553,2.6,0
"Petal.Width",47,-1,22.9787234042553,0.8,0
"Sepal.Width",47,1,15.7105241705388,2.95,0
"Sepal.Length",47,-1,14.0426331786914,5.45,0
"Petal.Width",0,-1,1,0.8,1
"Sepal.Width",0,1,0.914893617021277,2.95,0.8
"Sepal.Length",0,-1,0.893617021276596,5.45,0.75
"Petal.Width",53,-1,1.44905660377358,1.75,0
"Petal.Length",53,-1,1.18238993710692,5.05,0
"Sepal.Width",53,-1,0.293501048218028,3.05,0
"Sepal.Length",53,-1,0.212692967409947,6.85,0
"Sepal.Width",0,-1,0.924528301886792,2.65,0.2
"Sepal.Length",5,1,2.4,6.5,0
"Sepal.Width",5,1,1.06666666666667,2.7,0
"Petal.Length",5,-1,1.06666666666667,5.05,0
"Petal.Width",5,1,0.9,1.6,0
"Sepal.Width",0,1,0.8,2.7,0.5
"Petal.Length",0,-1,0.8,5.05,0.5
