"","count","ncat","improve","index","adj"
"Petal.Length",99,-1,29.5659295659296,2.6,0
"Petal.Width",99,-1,29.5659295659296,0.75,0
"Sepal.Width",99,1,16.4725028058361,3.35,0
"Sepal.Length",99,-1,16.2380952380952,5.3,0
"Petal.Width",0,-1,1,0.75,1
"Sepal.Length",0,-1,0.909090909090909,5.3,0.64
"Sepal.Width",0,1,0.909090909090909,3.35,0.64
"Petal.Length",74,-1,25.6389189189189,4.85,0
"Petal.Width",74,-1,23.3522522522522,1.75,0
"Sepal.Length",74,-1,11.0593270821842,6.25,0
"Sepal.Width",74,1,2.68159834475624,2.85,0
"Petal.Width",0,-1,0.918918918918919,1.55,0.76
"Sepal.Length",0,-1,0.837837837837838,6.25,0.52
"Sepal.Width",0,1,0.702702702702703,2.85,0.12
"Petal.Width",25,-1,2.28,1.75,0
"Petal.Length",25,-1,1.08,5.25,0
"Sepal.Length",25,-1,0.28,7,0
"Sepal.Width",25,1,0.180000000000001,2.65,0
"Petal.Length",6,-1,1.5,5.05,0
"Sepal.Length",6,-1,0.6,6.05,0
"Sepal.Width",6,1,0.6,2.65,0
"Petal.Width",6,1,0.6,1.45,0
"Sepal.Length",0,1,0.833333333333333,6.5,0.5
"Sepal.Width",0,1,0.833333333333333,2.9,0.5
"Sepal.Length",4,-1,1.5,6.05,0
"Sepal.Width",4,-1,0.5,2.75,0
"Petal.Length",4,-1,0.5,5.35,0
"Petal.Width",4,1,0.5,1.55,0
