"","count","ncat","improve","index","adj"
"Petal.Length",99,-1,37.200404040404,2.5,0
"Petal.Width",99,-1,37.200404040404,0.8,0
"Sepal.Length",99,-1,28.8461183261183,5.45,0
"Sepal.Width",99,1,26.6494949494949,3.05,0
"Petal.Width",0,-1,1,0.8,1
"Sepal.Length",0,-1,0.939393939393939,5.45,0.877551020408163
"Sepal.Width",0,1,0.919191919191919,3.05,0.836734693877551
"Petal.Width",50,-1,21.16,1.65,0
"Petal.Length",50,-1,21.0010305958132,4.75,0
"Sepal.Length",50,-1,9.63474548440066,6.25,0
"Sepal.Width",50,-1,1.90060606060607,2.45,0
"Petal.Length",0,-1,0.92,4.75,0.84
"Sepal.Length",0,-1,0.8,6.15,0.6
"Sepal.Width",0,-1,0.64,2.75,0.28
"Petal.Length",25,-1,2.34666666666667,4.85,0
"Sepal.Length",25,-1,1.76333333333333,6.9,0
"Petal.Width",25,-1,0.822857142857142,1.45,0
"Sepal.Width",25,1,0.437575757575757,2.25,0
"Petal.Width",0,-1,0.92,1.55,0.333333333333334
"Sepal.Length",3,-1,0.333333333333333,6.6,0
"Sepal.Width",3,1,0.333333333333333,2.45,0
"Petal.Length",3,1,0.333333333333333,5.05,0
"Petal.Width",3,1,0.333333333333333,1.55,0
"Sepal.Width",2,1,1,2.45,0
"Petal.Length",2,1,1,5.05,0
"Petal.Width",2,1,1,1.55,0
