"","count","ncat","improve","index","adj"
"Petal.Width",99,-1,34.2548562548563,1.75,0
"Petal.Length",99,-1,32.9578022450363,4.75,0
"Sepal.Length",99,-1,22.9100772326579,5.75,0
"Sepal.Width",99,1,16.6071829405163,3.35,0
"Petal.Length",0,-1,0.94949494949495,4.75,0.893617021276596
"Sepal.Length",0,-1,0.868686868686869,6.25,0.723404255319149
"Sepal.Width",0,1,0.636363636363636,3.35,0.234042553191489
"Petal.Length",52,-1,24.1318681318681,2.6,0
"Petal.Width",52,-1,24.1318681318681,0.7,0
"Sepal.Width",52,1,14.9049773755656,3.25,0
"Sepal.Length",52,-1,14,5.45,0
"Petal.Width",0,-1,1,0.7,1
"Sepal.Length",0,-1,0.884615384615385,5.45,0.75
"Sepal.Width",0,1,0.884615384615385,3.15,0.75
"Petal.Length",28,-1,1.71428571428571,4.9,0
"Petal.Width",28,-1,0.603174603174603,1.45,0
"Sepal.Width",28,1,0.46095238095238,2.25,0
"Sepal.Length",28,-1,0.329670329670329,5.95,0
"Petal.Width",0,-1,0.928571428571429,1.55,0.5
"Petal.Width",4,1,2,1.55,0
"Sepal.Length",4,1,0.666666666666667,6.5,0
"Sepal.Width",4,1,0.666666666666667,2.45,0
