"","count","ncat","improve","index","adj"
"Petal.Length",100,-1,37.4758490566038,2.45,0
"Petal.Width",100,-1,37.4758490566038,0.75,0
"Sepal.Length",100,-1,25.115,5.45,0
"Sepal.Width",100,1,21.1989371980676,3.25,0
"Petal.Width",0,-1,1,0.75,1
"Sepal.Length",0,-1,0.91,5.45,0.808510638297872
"Sepal.Width",0,1,0.87,3.25,0.723404255319149
"Petal.Width",53,-1,20.8266509433962,1.75,0
"Petal.Length",53,-1,19.030532709778,4.75,0
"Sepal.Length",53,-1,3.07953555878084,5.75,0
"Sepal.Width",53,-1,1.95918640438914,3.25,0
"Petal.Length",0,-1,0.905660377358491,4.75,0.761904761904762
"Sepal.Width",0,-1,0.679245283018868,3.15,0.19047619047619
"Sepal.Length",0,-1,0.660377358490566,6.15,0.142857142857143
"Petal.Length",32,-1,2.17313218390805,4.95,0
"Sepal.Length",32,1,1.69556451612903,4.95,0
"Petal.Width",32,-1,1.50892857142857,1.55,0
"Sepal.Width",32,1,0.380028735632184,2.25,0
"Sepal.Length",29,1,1.93103448275862,4.95,0
"Petal.Width",29,-1,1.93103448275862,1.65,0
"Sepal.Width",29,1,0.153256704980842,2.55,0
"Petal.Length",29,-1,0.0738916256157629,4.45,0
"Petal.Width",3,1,1.33333333333333,1.65,0
"Sepal.Length",3,1,0.333333333333333,6.35,0
"Sepal.Width",3,1,0.333333333333333,2.6,0
"Petal.Length",3,-1,0.333333333333333,5.4,0
