"","count","ncat","improve","index","adj"
"Petal.Length",99,-1,30.0689082606891,2.6,0
"Petal.Width",99,-1,30.0689082606891,0.7,0
"Sepal.Length",99,-1,20.0276494676495,5.45,0
"Sepal.Width",99,1,17.4768564768565,3.35,0
"Petal.Width",0,-1,1,0.7,1
"Sepal.Length",0,-1,0.929292929292929,5.45,0.730769230769231
"Sepal.Width",0,1,0.909090909090909,3.35,0.653846153846154
"Petal.Length",73,-1,25.8809989749324,4.75,0
"Petal.Width",73,-1,24.0994419076611,1.65,0
"Sepal.Length",73,-1,12.5921206328979,6.05,0
"Sepal.Width",73,-1,6.44793458638632,2.75,0
"Petal.Width",0,-1,0.917808219178082,1.45,0.75
"Sepal.Length",0,-1,0.863013698630137,6.05,0.583333333333333
"Sepal.Width",0,-1,0.780821917808219,2.95,0.333333333333333
"Petal.Width",49,-1,1.95918367346939,1.65,0
"Sepal.Length",49,1,0.959183673469389,4.95,0
"Petal.Length",49,-1,0.209183673469389,4.45,0
"Sepal.Width",49,1,0.159183673469389,2.55,0
"Petal.Length",24,-1,1.26666666666667,4.95,0
"Petal.Width",24,-1,1.26666666666667,1.55,0
"Sepal.Width",24,-1,0.428571428571428,2.55,0
"Sepal.Length",24,1,0.0877192982456148,6.25,0
"Petal.Width",5,-1,2.4,1.65,0
"Sepal.Length",5,1,1.06666666666667,6.25,0
"Sepal.Width",5,-1,0.9,2.6,0
"Petal.Length",5,1,0.4,4.85,0
"Sepal.Length",0,1,0.8,6.25,0.5
