"","count","ncat","improve","index","adj"
"Petal.Length",100,-1,37.26,2.35,0
"Petal.Width",100,-1,37.26,0.75,0
"Sepal.Length",100,-1,31.5820611916264,5.45,0
"Sepal.Width",100,1,18.2762337662338,3.35,0
"Petal.Width",0,-1,1,0.75,1
"Sepal.Length",0,-1,0.96,5.45,0.91304347826087
"Sepal.Width",0,1,0.84,3.25,0.652173913043478
"Petal.Length",46,-1,17.4242424242424,4.85,0
"Petal.Width",46,-1,17.4242424242424,1.7,0
"Sepal.Length",46,-1,6.9,6.05,0
"Sepal.Width",46,-1,2.19047619047619,3.25,0
"Petal.Width",0,-1,0.891304347826087,1.55,0.772727272727273
"Sepal.Length",0,-1,0.782608695652174,6.25,0.545454545454546
"Sepal.Width",0,-1,0.652173913043478,2.95,0.272727272727273
"Petal.Width",22,-1,0.909090909090908,1.65,0
"Petal.Length",22,-1,0.575757575757575,4.75,0
"Sepal.Length",22,-1,0.194805194805194,6.15,0
"Sepal.Width",22,1,0.0757575757575748,2.85,0
"Petal.Length",0,-1,0.954545454545455,4.75,0.500000000000001
"Sepal.Length",2,-1,1,6.05,0
"Sepal.Width",2,1,1,3,0
"Petal.Width",24,-1,1.66666666666667,1.7,0
"Petal.Length",24,-1,0.666666666666667,5.2,0
"Sepal.Length",24,-1,0.428571428571428,6.05,0
"Sepal.Width",24,-1,0.171929824561403,2.75,0
"Sepal.Length",4,-1,0.666666666666667,6.05,0
"Sepal.Width",4,1,0.666666666666667,2.65,0
"Petal.Length",4,-1,0.666666666666667,5,0
"Petal.Width",4,1,0.666666666666667,1.45,0
"Sepal.Length",3,1,1.33333333333333,6.6,0
"Sepal.Width",3,1,1.33333333333333,2.95,0
"Petal.Length",3,-1,1.33333333333333,5,0
"Petal.Width",3,1,0.333333333333333,1.45,0
