"","count","ncat","improve","index","adj"
"Petal.Length",100,-1,29.7102702702703,2.5,0
"Petal.Width",100,-1,29.7102702702703,0.7,0
"Sepal.Width",100,1,15.965,3.35,0
"Sepal.Length",100,-1,13.482042042042,5.75,0
"Petal.Width",0,-1,1,0.7,1
"Sepal.Width",0,1,0.9,3.35,0.615384615384616
"Sepal.Length",0,-1,0.88,5.15,0.538461538461539
"Petal.Length",74,-1,30.015444015444,4.75,0
"Petal.Width",74,-1,29.8897297297297,1.7,0
"Sepal.Length",74,-1,13.9402560455192,5.75,0
"Sepal.Width",74,-1,7.54551920341394,2.75,0
"Petal.Width",0,-1,0.945945945945946,1.7,0.857142857142857
"Sepal.Length",0,-1,0.837837837837838,5.75,0.571428571428571
"Sepal.Width",0,-1,0.72972972972973,2.75,0.285714285714286
"Petal.Width",28,-1,1.71428571428571,1.65,0
"Petal.Length",28,-1,1.31428571428571,4.95,0
"Sepal.Width",28,-1,0.297619047619048,2.6,0
"Sepal.Length",28,1,0.138528138528138,6.8,0
"Petal.Length",4,-1,2,4.95,0
"Sepal.Length",4,1,0.666666666666667,6.15,0
"Sepal.Width",4,1,0.666666666666667,2.35,0
