"","count","ncat","improve","index","adj"
"Petal.Width",99,-1,34.2288270459699,1.75,0
"Petal.Length",99,-1,31.5986531986532,4.75,0
"Sepal.Length",99,-1,23.4190001278609,5.45,0
"Sepal.Width",99,1,12.5633039253292,3.25,0
"Petal.Length",0,-1,0.95959595959596,4.75,0.918367346938775
"Sepal.Length",0,-1,0.858585858585859,6.15,0.714285714285714
"Sepal.Width",0,-1,0.676767676767677,2.95,0.346938775510204
"Petal.Length",49,-1,23.3801965230537,2.7,0
"Petal.Width",49,-1,23.3801965230537,0.75,0
"Sepal.Length",49,-1,19.7888810696692,5.45,0
"Sepal.Width",49,1,14.8113856068743,3.15,0
"Petal.Width",0,-1,1,0.75,1
"Sepal.Length",0,-1,0.959183673469388,5.45,0.909090909090909
"Sepal.Width",0,1,0.897959183673469,3.05,0.772727272727273
"Petal.Length",27,-1,1.92592592592593,5.35,0
"Sepal.Width",27,1,0.125925925925927,2.65,0
"Petal.Width",27,-1,0.107744107744109,1.35,0
"Sepal.Length",27,-1,0.0925925925925937,6.05,0
"Petal.Length",50,-1,0.626666666666667,4.85,0
"Sepal.Length",50,-1,0.460000000000001,5.95,0
"Petal.Width",50,-1,0.245714285714286,1.85,0
"Sepal.Width",50,1,0.210000000000001,3.15,0
"Sepal.Length",3,-1,1.33333333333333,5.95,0
"Sepal.Width",3,1,1.33333333333333,3.1,0
