"","count","ncat","improve","index","adj"
"Petal.Length",100,-1,37.44,2.45,0
"Petal.Width",100,-1,37.44,0.7,0
"Sepal.Length",100,-1,31.9497402597403,5.55,0
"Sepal.Width",100,1,20.9874747474748,3.35,0
"Petal.Width",0,-1,1,0.7,1
"Sepal.Length",0,-1,0.96,5.55,0.916666666666667
"Sepal.Width",0,1,0.87,3.35,0.729166666666667
"Petal.Width",48,-1,22.08,1.65,0
"Petal.Length",48,-1,18.4069565217391,4.75,0
"Sepal.Length",48,-1,4.27252747252748,5.75,0
"Sepal.Width",48,-1,2.09059233449477,2.65,0
"Petal.Length",0,-1,0.958333333333333,4.75,0.91304347826087
"Sepal.Length",0,-1,0.708333333333333,5.75,0.391304347826087
"Sepal.Width",0,-1,0.625,2.65,0.217391304347826
"Petal.Width",25,-1,0.920000000000001,1.75,0
"Petal.Length",25,-1,0.320000000000001,5.05,0
"Sepal.Length",25,1,0.120000000000001,6.6,0
"Sepal.Width",25,1,0.0533333333333343,2.95,0
"Sepal.Length",2,1,1,5.8,0
"Sepal.Width",2,1,1,2.75,0
"Petal.Length",2,1,1,4.75,0
