"","count","ncat","improve","index","adj"
"Petal.Length",99,-1,27.3652312599681,2.6,0
"Petal.Width",99,-1,27.3652312599681,0.7,0
"Sepal.Length",99,-1,20.2657575757576,5.45,0
"Sepal.Width",99,1,14.9981259968102,3.35,0
"Petal.Width",0,-1,1,0.7,1
"Sepal.Length",0,-1,0.94949494949495,5.45,0.782608695652174
"Sepal.Width",0,1,0.898989898989899,3.35,0.565217391304348
"Petal.Length",76,-1,30.3643724696356,4.95,0
"Petal.Width",76,-1,28.5501489572989,1.65,0
"Sepal.Length",76,-1,10.2278423331055,6.35,0
"Sepal.Width",76,-1,5.67830178356495,2.65,0
"Petal.Width",0,-1,0.947368421052632,1.75,0.833333333333333
"Sepal.Length",0,-1,0.828947368421053,6.35,0.458333333333333
"Sepal.Width",0,-1,0.75,3.05,0.208333333333333
"Petal.Width",52,-1,3.84615384615384,1.65,0
"Sepal.Length",52,1,0.886153846153844,4.95,0
"Petal.Length",52,1,0.153846153846153,4.85,0
"Sepal.Width",52,-1,0.114887696283042,2.95,0
