"","count","ncat","improve","index","adj"
"Petal.Length",100,-1,34.9285714285714,2.35,0
"Petal.Width",100,-1,34.9285714285714,0.75,0
"Sepal.Length",100,-1,21.2692307692308,5.55,0
"Sepal.Width",100,1,18.1703296703297,3.15,0
"Petal.Width",0,-1,1,0.75,1
"Sepal.Length",0,-1,0.91,5.45,0.7
"Sepal.Width",0,1,0.87,3.35,0.566666666666667
"Petal.Width",70,-1,21.6964285714286,1.75,0
"Petal.Length",70,-1,17.8817733990148,5.05,0
"Sepal.Length",70,-1,2.54201680672267,7.1,0
"Sepal.Width",70,-1,1.90476190476191,3.15,0
"Petal.Length",0,-1,0.942857142857143,5.05,0.75
"Sepal.Length",0,-1,0.8,7.1,0.125
"Sepal.Width",0,-1,0.8,3.15,0.125
"Petal.Length",16,-1,0.541666666666667,4.85,0
"Sepal.Length",16,-1,0.375,5.95,0
"Sepal.Width",16,1,0.208333333333332,3.1,0
"Petal.Width",16,-1,0.208333333333331,1.85,0
"Sepal.Length",3,-1,1.33333333333333,5.95,0
"Sepal.Width",3,1,1.33333333333333,3.1,0
