"","count","ncat","improve","index","adj"
"Petal.Length",100,-1,28.0002597402597,2.6,0
"Petal.Width",100,-1,28.0002597402597,0.8,0
"Sepal.Length",100,-1,20.2468421052632,5.45,0
"Sepal.Width",100,1,19.0068290208016,3.15,0
"Petal.Width",0,-1,1,0.8,1
"Sepal.Length",0,-1,0.95,5.45,0.782608695652174
"Sepal.Width",0,1,0.91,3.35,0.608695652173913
"Petal.Length",77,-1,30.3430735930736,4.85,0
"Petal.Width",77,-1,30.2961038961039,1.65,0
"Sepal.Length",77,-1,15.7551248751249,6.25,0
"Sepal.Width",77,-1,4.8025974025974,3.15,0
"Petal.Width",0,-1,0.974025974025974,1.65,0.916666666666667
"Sepal.Length",0,-1,0.883116883116883,6.25,0.625
"Sepal.Width",0,-1,0.766233766233766,3.05,0.25
"Petal.Length",24,-1,0.916666666666666,4.95,0
"Petal.Width",24,-1,0.916666666666666,1.65,0
"Sepal.Length",24,1,0.416666666666666,6.85,0
"Sepal.Width",24,1,0.166666666666666,3.05,0
"Sepal.Length",2,1,1,6.6,0
"Sepal.Width",2,1,1,2.9,0
"Petal.Width",2,-1,1,1.65,0
