"","count","ncat","improve","index","adj"
"Petal.Length",99,-1,37.200404040404,2.7,0
"Petal.Width",99,-1,37.200404040404,0.8,0
"Sepal.Length",99,-1,31.4428530199959,5.45,0
"Sepal.Width",99,1,13.99714448306,2.95,0
"Petal.Width",0,-1,1,0.8,1
"Sepal.Length",0,-1,0.95959595959596,5.45,0.918367346938775
"Sepal.Width",0,1,0.757575757575758,2.95,0.510204081632653
"Petal.Width",50,-1,19.5323076923077,1.65,0
"Petal.Length",50,-1,19.2502564102564,4.85,0
"Sepal.Length",50,-1,7.94256410256411,6.25,0
"Sepal.Width",50,-1,3.37784219001611,2.95,0
"Petal.Length",0,-1,0.88,4.75,0.75
"Sepal.Length",0,-1,0.8,6.25,0.583333333333333
"Sepal.Width",0,-1,0.74,2.95,0.458333333333333
"Petal.Length",26,-1,3.80769230769231,4.9,0
"Petal.Width",26,-1,0.807692307692308,1.35,0
"Sepal.Width",26,1,0.641025641025641,2.25,0
"Sepal.Length",26,-1,0.593406593406593,5.85,0
"Petal.Width",4,1,1.5,1.55,0
"Sepal.Length",4,-1,0.5,6.05,0
"Sepal.Width",4,1,0.5,2.65,0
"Petal.Length",4,1,0.166666666666667,5.05,0
