"","count","ncat","improve","index","adj"
"Petal.Length",100,-1,34.6316264090177,4.75,0
"Petal.Width",100,-1,34.56,1.7,0
"Sepal.Length",100,-1,24.6458212058212,5.55,0
"Sepal.Width",100,1,14.165,3.35,0
"Petal.Width",0,-1,0.98,1.55,0.956521739130435
"Sepal.Length",0,-1,0.87,6.15,0.717391304347826
"Sepal.Width",0,1,0.71,2.85,0.369565217391304
"Petal.Length",46,-1,22.9565217391304,2.45,0
"Petal.Width",46,-1,22.9565217391304,0.7,0
"Sepal.Length",46,-1,15.7488294314381,5.55,0
"Sepal.Width",46,1,15.6534914361001,3.05,0
"Petal.Width",0,-1,1,0.7,1
"Sepal.Length",0,-1,0.91304347826087,5.45,0.818181818181818
"Sepal.Width",0,1,0.91304347826087,3.05,0.818181818181818
"Petal.Width",54,-1,1.88958770090846,1.45,0
"Petal.Length",54,-1,0.890313390313391,4.85,0
"Sepal.Length",54,-1,0.226851851851853,6.05,0
"Sepal.Width",54,1,0.159544159544163,2.65,0
"Petal.Width",53,-1,0.628930817610063,1.7,0
"Sepal.Length",53,-1,0.29559748427673,6.05,0
"Petal.Length",53,-1,0.144082332761578,5.15,0
"Sepal.Width",53,1,0.0422641509433954,2.65,0
"Sepal.Length",3,-1,1.33333333333333,6.15,0
"Sepal.Width",3,-1,1.33333333333333,2.75,0
"Petal.Length",3,-1,0.333333333333333,5.45,0
"Petal.Width",3,1,0.333333333333333,1.55,0
