"","count","ncat","improve","index","adj"
"Petal.Length",100,-1,35.9001282051282,4.85,0
"Petal.Width",100,-1,33.0116264090177,1.7,0
"Sepal.Length",100,-1,24.3482112845138,6.15,0
"Sepal.Width",100,1,11.2009523809524,3.35,0
"Petal.Width",0,-1,0.97,1.55,0.9375
"Sepal.Length",0,-1,0.89,6.15,0.770833333333333
"Sepal.Width",0,-1,0.62,3.15,0.208333333333333
"Petal.Length",52,-1,25.9615384615385,2.45,0
"Petal.Width",52,-1,25.9615384615385,0.75,0
"Sepal.Length",52,-1,14.0805860805861,5.45,0
"Sepal.Width",52,1,12.7921231691846,2.95,0
"Petal.Width",0,-1,1,0.75,1
"Sepal.Length",0,-1,0.865384615384615,5.45,0.72
"Sepal.Width",0,1,0.846153846153846,2.95,0.68
"Petal.Width",48,-1,0.625000000000001,1.7,0
"Sepal.Length",48,-1,0.358333333333335,6.1,0
"Sepal.Width",48,-1,0.24404761904762,2.75,0
"Petal.Length",48,-1,0.208333333333335,5.15,0
"Petal.Width",3,1,1.33333333333333,1.55,0
"Sepal.Length",3,-1,0.333333333333333,6.15,0
"Sepal.Width",3,1,0.333333333333333,2.45,0
"Petal.Length",3,1,0.333333333333333,5.05,0
