"","count","ncat","improve","index","adj"
"Petal.Length",99,-1,35.2761994949495,2.45,0
"Petal.Width",99,-1,35.2761994949495,0.8,0
"Sepal.Length",99,-1,28.1042715288478,5.75,0
"Sepal.Width",99,1,19.9043014227592,2.95,0
"Petal.Width",0,-1,1,0.8,1
"Sepal.Length",0,-1,0.94949494949495,5.55,0.857142857142857
"Sepal.Width",0,1,0.838383838383838,3.35,0.542857142857143
"Petal.Length",64,-1,21.050139183457,4.75,0
"Petal.Width",64,-1,20.7857488925803,1.65,0
"Sepal.Length",64,-1,11.6155111336032,6.15,0
"Sepal.Width",64,-1,8.34816176470588,2.75,0
"Petal.Width",0,-1,0.9375,1.45,0.826086956521739
"Sepal.Length",0,-1,0.859375,6.15,0.608695652173913
"Sepal.Width",0,-1,0.796875,2.75,0.434782608695652
"Sepal.Length",41,1,1.95121951219512,5,0
"Petal.Width",41,-1,1.95121951219512,1.65,0
"Sepal.Width",41,1,0.351219512195123,2.6,0
"Petal.Length",41,-1,0.284552845528456,4.45,0
"Petal.Length",23,-1,1.7888198757764,5.05,0
"Sepal.Length",23,-1,1.58102766798419,5.95,0
"Petal.Width",23,-1,1.32265446224256,1.75,0
"Sepal.Width",23,-1,0.598343685300208,2.6,0
"Sepal.Length",0,-1,0.826086956521739,6.1,0.428571428571429
"Sepal.Width",0,-1,0.826086956521739,2.75,0.428571428571429
"Petal.Width",0,-1,0.826086956521739,1.9,0.428571428571429
"Sepal.Length",7,-1,0.761904761904761,5.95,0
"Sepal.Width",7,1,0.761904761904761,3.1,0
"Petal.Width",7,-1,0.595238095238094,1.75,0
"Petal.Length",7,1,0.0952380952380945,4.85,0
"Sepal.Length",6,1,1.33333333333333,6.25,0
"Petal.Width",6,-1,1.33333333333333,1.75,0
"Petal.Length",6,1,0.666666666666667,4.85,0
"Sepal.Width",6,1,0.266666666666667,2.35,0
"Petal.Length",0,1,0.833333333333333,4.85,0.666666666666667
"Sepal.Width",0,-1,0.666666666666667,2.75,0.333333333333333
"Petal.Width",0,-1,0.666666666666667,1.75,0.333333333333333
"Petal.Width",3,-1,1.33333333333333,1.75,0
"Sepal.Length",3,1,0.333333333333333,6.5,0
"Sepal.Width",3,-1,0.333333333333333,2.6,0
"Petal.Length",3,1,0.333333333333333,4.95,0
