"","count","ncat","improve","index","adj"
"Petal.Length",100,-1,33.2231452581032,4.75,0
"Petal.Width",100,-1,33.1006663990365,1.7,0
"Sepal.Length",100,-1,23.5885714285714,5.55,0
"Sepal.Width",100,1,14.4297674418605,3.45,0
"Petal.Width",0,-1,0.96,1.55,0.918367346938775
"Sepal.Length",0,-1,0.85,5.75,0.693877551020408
"Sepal.Width",0,1,0.67,2.85,0.326530612244898
"Petal.Length",49,-1,24.4897959183673,2.45,0
"Petal.Width",49,-1,24.4897959183673,0.75,0
"Sepal.Length",49,-1,15.5431292517007,5.45,0
"Sepal.Width",49,1,14.3707482993197,2.95,0
"Petal.Width",0,-1,1,0.75,1
"Sepal.Length",0,-1,0.897959183673469,5.45,0.791666666666667
"Sepal.Width",0,1,0.877551020408163,2.95,0.75
"Petal.Width",51,-1,1.89705882352941,1.85,0
"Petal.Length",51,-1,1.29053708439898,4.95,0
"Sepal.Length",51,-1,0.693570451436388,6.1,0
"Sepal.Width",51,1,0.424331550802139,3.05,0
"Petal.Length",0,-1,0.901960784313726,4.85,0.375
"Sepal.Length",0,-1,0.882352941176471,6.1,0.25
"Sepal.Width",8,1,2.08333333333333,3.05,0
"Sepal.Length",8,1,0.892857142857143,6.6,0
"Petal.Length",8,-1,0.25,4.95,0
"Petal.Width",8,-1,0.25,1.7,0
"Sepal.Width",6,-1,0.666666666666667,2.75,0
"Petal.Length",6,1,0.333333333333333,5.05,0
"Petal.Width",6,-1,0.333333333333333,1.7,0
"Sepal.Length",6,-1,0.166666666666667,6.1,0
"Petal.Width",0,-1,0.833333333333333,1.7,0.5
"Sepal.Width",2,1,1,2.45,0
"Petal.Length",2,1,1,5.05,0
"Petal.Width",2,1,1,1.55,0
