"","count","ncat","improve","index","adj"
"Petal.Length",100,-1,30.2742857142857,4.95,0
"Petal.Width",100,-1,29.0356756756757,0.8,0
"Sepal.Length",100,-1,21.7846188594015,5.45,0
"Sepal.Width",100,1,18.2328070175439,3.35,0
"Petal.Width",0,-1,0.95,1.55,0.833333333333333
"Sepal.Length",0,-1,0.9,6.1,0.666666666666667
"Petal.Length",70,-1,31.2675324675325,2.5,0
"Petal.Width",70,-1,31.2675324675325,0.8,0
"Sepal.Length",70,-1,22.3641601691555,5.45,0
"Sepal.Width",70,1,22.2501587301587,3.15,0
"Petal.Width",0,-1,1,0.8,1
"Sepal.Length",0,-1,0.928571428571429,5.45,0.807692307692308
"Sepal.Width",0,1,0.928571428571429,3.15,0.807692307692308
"Petal.Width",44,-1,3.81818181818182,1.7,0
"Petal.Length",44,-1,1.41818181818182,4.65,0
"Sepal.Width",44,-1,0.484848484848484,2.75,0
"Sepal.Length",44,-1,0.288770053475934,5.55,0
