"","count","ncat","improve","index","adj"
"Petal.Length",100,-1,36.9854545454545,2.45,0
"Petal.Width",100,-1,36.9854545454545,0.8,0
"Sepal.Length",100,-1,26.4849915110357,5.55,0
"Sepal.Width",100,1,21.4935353535353,3.35,0
"Petal.Width",0,-1,1,0.8,1
"Sepal.Length",0,-1,0.92,5.55,0.818181818181818
"Sepal.Width",0,1,0.87,3.05,0.704545454545454
"Petal.Width",44,-1,18.2745454545455,1.75,0
"Petal.Length",44,-1,13.3878787878788,4.75,0
"Sepal.Length",44,-1,6.51875598086124,6.35,0
"Sepal.Width",44,-1,3.24430580312933,2.75,0
"Petal.Length",0,-1,0.909090909090909,5.05,0.789473684210526
"Sepal.Length",0,-1,0.818181818181818,6.35,0.578947368421053
"Sepal.Width",0,-1,0.727272727272727,2.75,0.368421052631579
"Sepal.Length",25,1,0.76695652173913,4.95,0
"Petal.Width",25,-1,0.76695652173913,1.65,0
"Sepal.Width",25,1,0.437575757575757,2.25,0
"Petal.Length",25,-1,0.437575757575757,4.95,0
"Sepal.Width",23,1,0.579710144927535,2.25,0
"Petal.Length",23,-1,0.579710144927535,4.95,0
"Petal.Width",23,-1,0.198757763975155,1.45,0
"Sepal.Length",23,1,0.0948616600790504,6.05,0
"Petal.Length",3,-1,1.33333333333333,4.75,0
"Sepal.Length",3,-1,0.333333333333333,5.5,0
"Sepal.Width",3,-1,0.333333333333333,2.1,0
"Petal.Width",3,-1,0.333333333333333,1.25,0
"Sepal.Width",2,-1,1,2.45,0
"Petal.Length",2,-1,1,3.9,0
"Petal.Width",2,-1,1,1.35,0
