"","count","ncat","improve","index","adj"
"Petal.Width",99,-1,34.2307070707071,1.75,0
"Petal.Length",99,-1,30.2410774410774,4.75,0
"Sepal.Length",99,-1,21.9611180296112,5.55,0
"Sepal.Width",99,1,13.2430754917597,3.35,0
"Petal.Length",0,-1,0.94949494949495,4.75,0.897959183673469
"Sepal.Length",0,-1,0.878787878787879,6.25,0.755102040816326
"Sepal.Width",0,-1,0.646464646464647,3.15,0.285714285714286
"Petal.Length",50,-1,23.1362962962963,2.6,0
"Petal.Width",50,-1,23.1362962962963,0.8,0
"Sepal.Length",50,-1,17.6193880837359,5.45,0
"Sepal.Width",50,1,12.7811764705882,3.35,0
"Petal.Width",0,-1,1,0.8,1
"Sepal.Length",0,-1,0.92,5.45,0.826086956521739
"Sepal.Width",0,1,0.86,3.35,0.695652173913043
"Sepal.Length",27,1,1.78062678062678,4.95,0
"Petal.Length",27,-1,1.78062678062678,5.35,0
"Petal.Width",27,-1,0.783703703703703,1.65,0
"Sepal.Width",27,1,0.592592592592593,2.65,0
"Petal.Length",26,-1,1.92307692307692,5.35,0
"Sepal.Width",26,1,0.173076923076922,2.65,0
"Sepal.Length",26,-1,0.0769230769230766,6.05,0
"Petal.Width",26,-1,0.056410256410256,1.35,0
