"","count","ncat","improve","index","adj"
"Petal.Length",99,-1,36.939393939394,2.35,0
"Petal.Width",99,-1,36.939393939394,0.75,0
"Sepal.Length",99,-1,31.6912736386421,5.55,0
"Sepal.Width",99,1,14.5974296536797,3.05,0
"Petal.Width",0,-1,1,0.75,1
"Sepal.Length",0,-1,0.95959595959596,5.55,0.91304347826087
"Sepal.Width",0,1,0.808080808080808,3.05,0.58695652173913
"Petal.Length",46,-1,19.32,4.75,0
"Petal.Width",46,-1,17.4242424242424,1.7,0
"Sepal.Length",46,-1,6.27272727272727,6.35,0
"Sepal.Width",46,-1,2.80487804878049,2.45,0
"Petal.Width",0,-1,0.934782608695652,1.7,0.857142857142857
"Sepal.Length",0,-1,0.760869565217391,6.35,0.476190476190476
"Sepal.Width",0,-1,0.673913043478261,2.95,0.285714285714286
"Petal.Length",25,-1,1.68,4.95,0
"Petal.Width",25,-1,0.76695652173913,1.55,0
"Sepal.Length",25,-1,0.437575757575758,5.95,0
"Sepal.Width",25,1,0.407272727272729,3.05,0
"Sepal.Width",4,1,2,3.05,0
"Sepal.Length",4,-1,0.666666666666667,5.95,0
"Petal.Width",4,-1,0.666666666666667,1.65,0
"Petal.Length",4,1,0.666666666666666,4.85,0
