"","count","ncat","improve","index","adj"
"Petal.Length",100,-1,31.7283259735046,4.95,0
"Petal.Width",100,-1,31.7283259735046,1.65,0
"Sepal.Length",100,-1,23.9104908835905,5.45,0
"Sepal.Width",100,1,11.3464864864865,3.15,0
"Petal.Width",0,-1,0.95,1.55,0.893617021276596
"Sepal.Length",0,-1,0.9,6.25,0.787234042553192
"Sepal.Width",0,1,0.68,2.85,0.319148936170213
"Petal.Length",53,-1,24.6095791001451,2.35,0
"Petal.Width",53,-1,24.6095791001451,0.8,0
"Sepal.Length",53,-1,15.9294527748575,5.45,0
"Sepal.Width",53,1,11.9706174426076,2.95,0
"Petal.Width",0,-1,1,0.8,1
"Sepal.Length",0,-1,0.886792452830189,5.45,0.769230769230769
"Sepal.Width",0,1,0.830188679245283,2.95,0.653846153846154
"Petal.Width",26,-1,2.35897435897436,1.6,0
"Sepal.Length",26,1,0.775641025641026,4.95,0
"Petal.Length",26,-1,0.307692307692307,4.45,0
"Sepal.Width",26,-1,0.092307692307692,2.45,0
"Sepal.Width",3,1,1.33333333333333,3.1,0
"Sepal.Length",3,1,0.333333333333333,5.4,0
"Petal.Length",3,1,0.333333333333333,4.65,0
"Petal.Width",3,1,0.333333333333333,1.75,0
"Petal.Width",47,-1,1.82978723404255,1.75,0
"Petal.Length",47,-1,0.972644376899694,5.2,0
"Sepal.Length",47,-1,0.541908446163764,6.05,0
"Sepal.Width",47,-1,0.376298861949526,2.75,0
"Petal.Width",4,1,2,1.55,0
"Sepal.Length",4,-1,0.666666666666667,6.05,0
"Sepal.Width",4,1,0.666666666666667,2.65,0
"Petal.Length",4,-1,0.666666666666667,5.05,0
