"","count","ncat","improve","index","adj"
"Petal.Length",100,-1,37.6151020408163,2.35,0
"Petal.Width",100,-1,37.6151020408163,0.8,0
"Sepal.Length",100,-1,28.1516666666667,5.45,0
"Sepal.Width",100,1,20.0101427988576,3.35,0
"Petal.Width",0,-1,1,0.8,1
"Sepal.Length",0,-1,0.93,5.45,0.857142857142857
"Sepal.Width",0,1,0.86,3.25,0.714285714285714
"Petal.Width",49,-1,20.4098811241668,1.65,0
"Petal.Length",49,-1,17.4756671899529,4.95,0
"Sepal.Length",49,-1,8.79673742406662,6.25,0
"Sepal.Width",49,-1,3.52910848549946,2.95,0
"Petal.Length",0,-1,0.918367346938776,4.75,0.818181818181818
"Sepal.Length",0,-1,0.795918367346939,6.25,0.545454545454546
"Sepal.Width",0,-1,0.714285714285714,2.95,0.363636363636364
"Petal.Length",22,-1,1.90909090909091,4.95,0
"Sepal.Width",22,1,0.909090909090908,2.3,0
"Petal.Width",22,-1,0.194805194805194,1.45,0
"Sepal.Length",22,-1,0.13131313131313,5.9,0
"Petal.Length",27,-1,0.592592592592594,4.85,0
"Sepal.Length",27,-1,0.325925925925927,5.95,0
"Sepal.Width",27,1,0.211640211640213,3.15,0
"Petal.Width",27,-1,0.125925925925927,1.85,0
"Sepal.Width",3,1,1.33333333333333,3.1,0
"Sepal.Length",3,1,0.333333333333333,5.4,0
"Petal.Length",3,1,0.333333333333333,4.65,0
"Petal.Width",3,1,0.333333333333333,1.75,0
